$59556;-0.01;0.01;1.00;0.00;0.00;0.00;-1.34;7.26;-2.20;0.00;0.00;0.00;0.00;0.00;0.00;0.00;0.00;0.00;98024.75;18.48;-0.01;0.00;E;0.00;N;0.00;0.00;0.00;0.00;0.00;0;0;0;0.00;0;0;0*
$59656;-0.00;0.02;1.01;0.00;0.00;0.00;-0.18;-0.12;0.30;0.00;0.00;0.00;0.00;0.00;0.00;0.00;0.00;0.00;98028.17;18.49;-0.02;0.00;E;0.00;N;0.00;0.00;0.00;0.00;0.00;0;0;0;0.00;0;0;0*
$59756;-0.01;0.02;1.01;0.00;0.00;0.00;-3.29;-5.00;-2.50;0.00;0.00;0.00;0.00;0.00;0.00;0.00;0.00;0.00;98025.63;18.47;-0.01;0.00;E;0.00;N;0.00;0.00;0.00;0.00;0.00;0;0;0;0.00;0;0;0*
$59856;-0.01;0.02;1.00;0.00;0.00;0.00;3.48;-18.60;-3.96;0.00;0.00;0.00;0.00;0.00;0.00;0.00;0.00;0.00;98031.14;18.48;-0.04;0.00;E;0.00;N;0.00;0.00;0.00;0.00;0.00;0;0;0;0.00;0;0;0*
$59956;-0.01;0.02;1.00;0.00;0.00;0.00;-3.72;-2.13;-5.18;0.00;0.00;0.00;0.00;0.00;0.00;0.00;0.00;0.00;98032.55;18.48;-0.05;0.00;E;0.00;N;0.00;0.00;0.00;0.00;0.00;0;0;0;0.00;0;0;0*
$60056;0.00;0.02;0.99;0.00;0.00;0.00;-1.34;4.15;5.49;0.00;0.00;0.00;0.00;0.00;0.00;0.00;0.00;0.00;98035.02;18.48;-0.06;0.00;E;0.00;N;0.00;0.00;0.00;0.00;0.00;0;0;0;0.00;0;0;0*
$60156;-0.01;0.02;1.01;0.00;0.00;0.00;1.16;-2.56;8.17;0.00;0.00;0.00;0.00;0.00;0.00;0.00;0.00;0.00;98027.41;18.48;-0.02;0.00;E;0.00;N;0.00;0.00;0.00;0.00;0.00;0;0;0;0.00;0;0;0*
$60256;-0.03;0.02;1.02;0.00;0.00;0.00;0.18;-0.91;2.26;0.00;0.00;0.00;0.00;0.00;0.00;0.00;0.00;0.00;98030.09;18.48;-0.03;0.00;E;0.00;N;0.00;0.00;0.00;0.00;0.00;0;0;0;0.00;0;0;0*
$60356;0.01;0.02;0.99;0.00;0.00;0.00;0.55;3.17;2.26;0.00;0.00;0.00;0.00;0.00;0.00;0.00;0.00;0.00;98031.10;18.46;-0.04;0.00;E;0.00;N;0.00;0.00;0.00;0.00;0.00;0;0;0;0.00;0;0;0*
$60456;-0.00;0.02;1.01;0.00;0.00;0.00;-1.34;3.78;7.44;0.00;0.00;0.00;0.00;0.00;0.00;0.00;0.00;0.00;98028.03;18.45;-0.02;0.00;E;0.00;N;0.00;0.00;0.00;0.00;0.00;0;0;0;0.00;0;0;0*
$60556;-0.01;0.02;1.00;0.00;0.00;0.00;-0.61;8.05;-9.45;0.00;0.00;0.00;0.00;0.00;0.00;0.00;0.00;0.00;98032.78;18.45;-0.05;0.00;E;0.00;N;0.00;0.00;0.00;0.00;0.00;0;0;0;0.00;0;0;0*
$60656;-0.01;0.02;1.00;0.00;0.00;0.00;1.77;0.30;1.59;0.00;0.00;0.00;0.00;0.00;0.00;0.00;0.00;0.00;98025.82;18.43;-0.01;0.00;E;0.00;N;0.00;0.00;0.00;0.00;0.00;0;0;0;0.00;0;0;0*
$60756;-0.01;0.02;1.01;0.00;0.00;0.00;3.11;16.83;-7.50;0.00;0.00;0.00;0.00;0.00;0.00;0.00;0.00;0.00;98025.80;18.42;-0.01;0.00;E;0.00;N;0.00;0.00;0.00;0.00;0.00;0;0;0;0.00;0;0;0*
$60856;0.00;0.02;1.00;0.00;0.00;0.00;-0.79;5.79;-3.60;0.00;0.00;0.00;0.00;0.00;0.00;0.00;0.00;0.00;98026.68;18.43;-0.02;0.00;E;0.00;N;0.00;0.00;0.00;0.00;0.00;0;0;0;0.00;0;0;0*
$60956;-0.01;0.01;1.00;0.00;0.00;0.00;0.55;-0.49;-11.95;0.00;0.00;0.00;0.00;0.00;0.00;0.00;0.00;0.00;98024.24;18.43;-0.00;0.00;E;0.00;N;0.00;0.00;0.00;0.00;0.00;0;0;0;0.00;0;0;0*
$61056;-0.01;-0.00;1.01;0.00;0.00;0.00;-5.24;-0.12;-2.50;0.00;0.00;0.00;0.00;0.00;0.00;0.00;0.00;0.00;98025.29;18.43;-0.01;0.00;E;0.00;N;0.00;0.00;0.00;0.00;0.00;0;0;0;0.00;0;0;0*
$61156;-0.00;0.02;0.99;0.00;0.00;0.00;2.93;-0.49;-6.10;0.00;0.00;0.00;0.00;0.00;0.00;0.00;0.00;0.00;98031.32;18.43;-0.04;0.00;E;0.00;N;0.00;0.00;0.00;0.00;0.00;0;0;0;0.00;0;0;0*
$61556;-0.00;0.02;1.00;0.00;0.00;0.00;-1.95;14.76;-8.05;0.00;0.00;0.00;0.00;0.00;0.00;0.00;0.00;0.00;98027.04;18.42;-0.02;0.00;E;0.00;N;0.00;0.00;0.00;0.00;0.00;0;0;0;0.00;0;0;0*
$61656;-0.00;0.02;1.01;0.00;0.00;0.00;0.55;0.91;-1.28;0.00;0.00;0.00;0.00;0.00;0.00;0.00;0.00;0.00;98029.35;18.43;-0.03;0.00;E;0.00;N;0.00;0.00;0.00;0.00;0.00;0;0;0;0.00;0;0;0*
$61756;-0.00;0.02;1.00;0.00;0.00;0.00;1.77;2.38;-8.41;0.00;0.00;0.00;0.00;0.00;0.00;0.00;0.00;0.00;98022.81;18.42;0.01;0.00;E;0.00;N;0.00;0.00;0.00;0.00;0.00;0;0;0;0.00;0;0;0*
$61856;-0.00;0.02;1.00;0.00;0.00;0.00;0.55;1.10;-2.01;0.00;0.00;0.00;0.00;0.00;0.00;0.00;0.00;0.00;98025.14;18.43;-0.01;0.00;E;0.00;N;0.00;0.00;0.00;0.00;0.00;0;0;0;0.00;0;0;0*
$61956;-0.00;0.02;1.00;0.00;0.00;0.00;-0.37;-5.79;-3.60;0.00;0.00;0.00;0.00;0.00;0.00;0.00;0.00;0.00;98022.83;18.43;0.01;0.00;E;0.00;N;0.00;0.00;0.00;0.00;0.00;0;0;0;0.00;0;0;0*
$62056;0.00;0.01;1.00;0.00;0.00;0.00;-2.93;11.71;3.17;0.00;0.00;0.00;0.00;0.00;0.00;0.00;0.00;0.00;98030.49;18.45;-0.04;0.00;E;0.00;N;0.00;0.00;0.00;0.00;0.00;0;0;0;0.00;0;0;0*
$62156;0.00;0.02;1.00;0.00;0.00;0.00;-2.32;-2.56;6.04;0.00;0.00;0.00;0.00;0.00;0.00;0.00;0.00;0.00;98030.86;18.45;-0.04;0.00;E;0.00;N;0.00;0.00;0.00;0.00;0.00;0;0;0;0.00;0;0;0*
$62256;-0.00;0.01;1.00;0.00;0.00;0.00;5.24;7.44;-10.00;0.00;0.00;0.00;0.00;0.00;0.00;0.00;0.00;0.00;98032.76;18.44;-0.05;0.00;E;0.00;N;0.00;0.00;0.00;0.00;0.00;0;0;0;0.00;0;0;0*
$62356;0.01;0.02;1.02;0.00;0.00;0.00;0.37;9.70;-7.13;0.00;0.00;0.00;0.00;0.00;0.00;0.00;0.00;0.00;98040.85;18.44;-0.09;0.00;E;0.00;N;0.00;0.00;0.00;0.00;0.00;0;0;0;0.00;0;0;0*
$62456;-0.00;0.01;1.01;0.00;0.00;0.00;3.48;6.40;2.44;0.00;0.00;0.00;0.00;0.00;0.00;0.00;0.00;0.00;98037.71;18.44;-0.08;0.00;E;0.00;N;0.00;0.00;0.00;0.00;0.00;0;0;0;0.00;0;0;0*
$62556;-0.02;0.02;1.01;0.00;0.00;0.00;-0.61;7.01;2.26;0.00;0.00;0.00;0.00;0.00;0.00;0.00;0.00;0.00;98037.52;18.44;-0.08;0.00;E;0.00;N;0.00;0.00;0.00;0.00;0.00;0;0;0;0.00;0;0;0*
$62656;-0.01;0.02;1.00;0.00;0.00;0.00;-2.93;-6.22;-5.55;0.00;0.00;0.00;0.00;0.00;0.00;0.00;0.00;0.00;98032.52;18.42;-0.05;0.00;E;0.00;N;0.00;0.00;0.00;0.00;0.00;0;0;0;0.00;0;0;0*
$62756;0.00;0.02;1.01;0.00;0.00;0.00;-4.70;-1.34;-6.65;0.00;0.00;0.00;0.00;0.00;0.00;0.00;0.00;0.00;98034.82;18.42;-0.06;0.00;E;0.00;N;0.00;0.00;0.00;0.00;0.00;0;0;0;0.00;0;0;0*
$62856;-0.01;0.02;1.00;0.00;0.00;0.00;-0.98;10.85;4.63;0.00;0.00;0.00;0.00;0.00;0.00;0.00;0.00;0.00;98036.40;18.42;-0.07;0.00;E;0.00;N;0.00;0.00;0.00;0.00;0.00;0;0;0;0.00;0;0;0*
$62956;-0.00;0.02;1.00;0.00;0.00;0.00;-1.16;9.45;5.85;0.00;0.00;0.00;0.00;0.00;0.00;0.00;0.00;0.00;98030.59;18.43;-0.04;0.00;E;0.00;N;0.00;0.00;0.00;0.00;0.00;0;0;0;0.00;0;0;0*
$63056;-0.00;0.02;1.01;0.00;0.00;0.00;-3.11;18.23;1.40;0.00;0.00;0.00;0.00;0.00;0.00;0.00;0.00;0.00;98036.22;18.43;-0.07;0.00;E;0.00;N;0.00;0.00;0.00;0.00;0.00;0;0;0;0.00;0;0;0*
$63156;0.00;0.02;1.01;0.00;0.00;0.00;0.37;2.74;0.12;0.00;0.00;0.00;0.00;0.00;0.00;0.00;0.00;0.00;98033.58;18.42;-0.05;0.00;E;0.00;N;0.00;0.00;0.00;0.00;0.00;0;0;0;0.00;0;0;0*
$63256;0.00;0.02;1.00;0.00;0.00;0.00;1.77;0.49;-6.10;0.00;0.00;0.00;0.00;0.00;0.00;0.00;0.00;0.00;98034.11;18.42;-0.06;0.00;E;0.00;N;0.00;0.00;0.00;0.00;0.00;0;0;0;0.00;0;0;0*
$63356;-0.00;0.02;1.01;0.00;0.00;0.00;-0.18;-9.45;-4.33;0.00;0.00;0.00;0.00;0.00;0.00;0.00;0.00;0.00;98034.97;18.42;-0.06;0.00;E;0.00;N;0.00;0.00;0.00;0.00;0.00;0;0;0;0.00;0;0;0*
$63456;-0.00;0.01;1.00;0.00;0.00;0.00;-0.18;6.65;0.30;0.00;0.00;0.00;0.00;0.00;0.00;0.00;0.00;0.00;98033.05;18.42;-0.05;0.00;E;0.00;N;0.00;0.00;0.00;0.00;0.00;0;0;0;0.00;0;0;0*
$63556;-0.00;0.02;1.01;0.00;0.00;0.00;3.29;2.74;6.40;0.00;0.00;0.00;0.00;0.00;0.00;0.00;0.00;0.00;98034.46;18.42;-0.06;0.00;E;0.00;N;0.00;0.00;0.00;0.00;0.00;0;0;0;0.00;0;0;0*
$63656;-0.01;0.02;1.00;0.00;0.00;0.00;-1.34;-3.17;7.26;0.00;0.00;0.00;0.00;0.00;0.00;0.00;0.00;0.00;98031.46;18.42;-0.04;0.00;E;0.00;N;0.00;0.00;0.00;0.00;0.00;0;0;0;0.00;0;0;0*
$63756;-0.00;0.02;1.01;0.00;0.00;0.00;-1.34;14.76;-10.91;0.00;0.00;0.00;0.00;0.00;0.00;0.00;0.00;0.00;98027.02;18.41;-0.02;0.00;E;0.00;N;0.00;0.00;0.00;0.00;0.00;0;0;0;0.00;0;0;0*
$63856;-0.00;0.02;1.00;0.00;0.00;0.00;0.55;3.35;-7.68;0.00;0.00;0.00;0.00;0.00;0.00;0.00;0.00;0.00;98028.99;18.42;-0.03;0.00;E;0.00;N;0.00;0.00;0.00;0.00;0.00;0;0;0;0.00;0;0;0*
$63956;-0.00;0.02;1.01;0.00;0.00;0.00;0.98;-1.34;-2.50;0.00;0.00;0.00;0.00;0.00;0.00;0.00;0.00;0.00;98027.04;18.42;-0.02;0.00;E;0.00;N;0.00;0.00;0.00;0.00;0.00;0;0;0;0.00;0;0;0*
$64056;-0.00;0.02;1.00;0.00;0.00;0.00;0.55;-2.13;-4.82;0.00;0.00;0.00;0.00;0.00;0.00;0.00;0.00;0.00;98029.73;18.43;-0.03;0.00;E;0.00;N;0.00;0.00;0.00;0.00;0.00;0;0;0;0.00;0;0;0*
$64156;-0.00;0.02;1.01;0.00;0.00;0.00;2.93;6.16;5.12;0.00;0.00;0.00;0.00;0.00;0.00;0.00;0.00;0.00;98027.69;18.41;-0.02;0.00;E;0.00;N;0.00;0.00;0.00;0.00;0.00;0;0;0;0.00;0;0;0*
$64256;-0.00;0.02;1.00;0.00;0.00;0.00;-0.98;11.46;-0.18;0.00;0.00;0.00;0.00;0.00;0.00;0.00;0.00;0.00;98027.89;18.41;-0.02;0.00;E;0.00;N;0.00;0.00;0.00;0.00;0.00;0;0;0;0.00;0;0;0*
$64356;-0.00;0.01;1.00;0.00;0.00;0.00;0.37;13.96;13.90;0.00;0.00;0.00;0.00;0.00;0.00;0.00;0.00;0.00;98021.88;18.42;0.01;0.00;E;0.00;N;0.00;0.00;0.00;0.00;0.00;0;0;0;0.00;0;0;0*
$64456;-0.00;0.02;1.01;0.00;0.00;0.00;0.18;-1.77;1.59;0.00;0.00;0.00;0.00;0.00;0.00;0.00;0.00;0.00;98028.81;18.42;-0.03;0.00;E;0.00;N;0.00;0.00;0.00;0.00;0.00;0;0;0;0.00;0;0;0*
$64556;-0.00;0.02;1.00;0.00;0.00;0.00;3.29;2.99;5.30;0.00;0.00;0.00;0.00;0.00;0.00;0.00;0.00;0.00;98030.22;18.42;-0.04;0.00;E;0.00;N;0.00;0.00;0.00;0.00;0.00;0;0;0;0.00;0;0;0*
$64656;0.00;0.02;1.01;0.00;0.00;0.00;0.18;1.71;6.40;0.00;0.00;0.00;0.00;0.00;0.00;0.00;0.00;0.00;98025.43;18.42;-0.01;0.00;E;0.00;N;0.00;0.00;0.00;0.00;0.00;0;0;0;0.00;0;0;0*
$64756;0.00;0.02;1.01;0.00;0.00;0.00;-0.98;-1.77;1.95;0.00;0.00;0.00;0.00;0.00;0.00;0.00;0.00;0.00;98023.67;18.42;0.00;0.00;E;0.00;N;0.00;0.00;0.00;0.00;0.00;0;0;0;0.00;0;0;0*
$64856;-0.00;0.02;1.01;0.00;0.00;0.00;0.18;2.74;-1.10;0.00;0.00;0.00;0.00;0.00;0.00;0.00;0.00;0.00;98027.57;18.43;-0.02;0.00;E;0.00;N;0.00;0.00;0.00;0.00;0.00;0;0;0;0.00;0;0;0*
$64956;-0.01;0.02;1.00;0.00;0.00;0.00;1.34;4.33;-8.41;0.00;0.00;0.00;0.00;0.00;0.00;0.00;0.00;0.00;98027.41;18.43;-0.02;0.00;E;0.00;N;0.00;0.00;0.00;0.00;0.00;0;0;0;0.00;0;0;0*
$65056;-0.01;0.01;1.01;0.00;0.00;0.00;2.93;-3.17;4.09;0.00;0.00;0.00;0.00;0.00;0.00;0.00;0.00;0.00;98027.94;18.43;-0.02;0.00;E;0.00;N;0.00;0.00;0.00;0.00;0.00;0;0;0;0.00;0;0;0*
$65156;-0.00;0.01;1.01;0.00;0.00;0.00;3.48;16.16;1.22;0.00;0.00;0.00;0.00;0.00;0.00;0.00;0.00;0.00;98029.37;18.43;-0.03;0.00;E;0.00;N;0.00;0.00;0.00;0.00;0.00;0;0;0;0.00;0;0;0*
$65256;-0.00;0.02;1.01;0.00;0.00;0.00;2.50;2.32;-2.50;0.00;0.00;0.00;0.00;0.00;0.00;0.00;0.00;0.00;98030.07;18.44;-0.03;0.00;E;0.00;N;0.00;0.00;0.00;0.00;0.00;0;0;0;0.00;0;0;0*
$65356;-0.00;0.02;1.00;0.00;0.00;0.00;1.34;14.70;4.45;0.00;0.00;0.00;0.00;0.00;0.00;0.00;0.00;0.00;98031.92;18.45;-0.04;0.00;E;0.00;N;0.00;0.00;0.00;0.00;0.00;0;0;0;0.00;0;0;0*
$65456;-0.01;0.02;1.01;0.00;0.00;0.00;-3.11;-3.17;2.44;0.00;0.00;0.00;0.00;0.00;0.00;0.00;0.00;0.00;98028.21;18.45;-0.02;0.00;E;0.00;N;0.00;0.00;0.00;0.00;0.00;0;0;0;0.00;0;0;0*
$65556;-0.01;0.02;1.00;0.00;0.00;0.00;0.98;-3.78;4.63;0.00;0.00;0.00;0.00;0.00;0.00;0.00;0.00;0.00;98030.52;18.46;-0.04;0.00;E;0.00;N;0.00;0.00;0.00;0.00;0.00;0;0;0;0.00;0;0;0*
$65656;-0.01;0.01;1.00;0.00;0.00;0.00;0.79;-2.13;6.59;0.00;0.00;0.00;0.00;0.00;0.00;0.00;0.00;0.00;98028.75;18.46;-0.03;0.00;E;0.00;N;0.00;0.00;0.00;0.00;0.00;0;0;0;0.00;0;0;0*
$65756;-0.01;0.02;1.00;0.00;0.00;0.00;-0.18;17.62;-0.37;0.00;0.00;0.00;0.00;0.00;0.00;0.00;0.00;0.00;98028.03;18.45;-0.02;0.00;E;0.00;N;0.00;0.00;0.00;0.00;0.00;0;0;0;0.00;0;0;0*
$65856;-0.01;0.02;1.00;0.00;0.00;0.00;-1.34;1.89;8.90;0.00;0.00;0.00;0.00;0.00;0.00;0.00;0.00;0.00;98024.88;18.45;-0.01;0.00;E;0.00;N;0.00;0.00;0.00;0.00;0.00;0;0;0;0.00;0;0;0*
$65956;-0.00;0.01;1.00;0.00;0.00;0.00;1.16;1.95;7.80;0.00;0.00;0.00;0.00;0.00;0.00;0.00;0.00;0.00;98028.56;18.45;-0.03;0.00;E;0.00;N;0.00;0.00;0.00;0.00;0.00;0;0;0;0.00;0;0;0*
$66056;-0.01;0.02;1.01;0.00;0.00;0.00;-0.98;-1.95;-2.68;0.00;0.00;0.00;0.00;0.00;0.00;0.00;0.00;0.00;98030.13;18.45;-0.03;0.00;E;0.00;N;0.00;0.00;0.00;0.00;0.00;0;0;0;0.00;0;0;0*
$66156;-0.00;0.02;1.00;0.00;0.00;0.00;-4.45;-17.26;-1.65;0.00;0.00;0.00;0.00;0.00;0.00;0.00;0.00;0.00;98028.19;18.45;-0.02;0.00;E;0.00;N;0.00;0.00;0.00;0.00;0.00;0;0;0;0.00;0;0;0*
$66256;-0.01;0.02;1.01;0.00;0.00;0.00;-0.37;6.16;0.49;0.00;0.00;0.00;0.00;0.00;0.00;0.00;0.00;0.00;98026.80;18.45;-0.02;0.00;E;0.00;N;0.00;0.00;0.00;0.00;0.00;0;0;0;0.00;0;0;0*
$66356;-0.00;0.02;1.01;0.00;0.00;0.00;-3.11;7.44;-5.18;0.00;0.00;0.00;0.00;0.00;0.00;0.00;0.00;0.00;98026.80;18.45;-0.02;0.00;E;0.00;N;0.00;0.00;0.00;0.00;0.00;0;0;0;0.00;0;0;0*
$66456;-0.01;0.02;1.01;0.00;0.00;0.00;-1.34;3.35;-8.05;0.00;0.00;0.00;0.00;0.00;0.00;0.00;0.00;0.00;98023.99;18.46;-0.00;0.00;E;0.00;N;0.00;0.00;0.00;0.00;0.00;0;0;0;0.00;0;0;0*
$66556;-0.01;0.02;1.00;0.00;0.00;0.00;1.77;-8.29;-3.05;0.00;0.00;0.00;0.00;0.00;0.00;0.00;0.00;0.00;98023.14;18.47;0.00;0.00;E;0.00;N;0.00;0.00;0.00;0.00;0.00;0;0;0;0.00;0;0;0*
$66656;-0.01;0.02;1.00;0.00;0.00;0.00;0.00;3.17;-5.73;0.00;0.00;0.00;0.00;0.00;0.00;0.00;0.00;0.00;98022.27;18.47;0.01;0.00;E;0.00;N;0.00;0.00;0.00;0.00;0.00;0;0;0;0.00;0;0;0*
$66756;-0.01;0.02;1.01;0.00;0.00;0.00;-1.95;2.56;-0.91;0.00;0.00;0.00;0.00;0.00;0.00;0.00;0.00;0.00;98022.47;18.47;0.01;0.00;E;0.00;N;0.00;0.00;0.00;0.00;0.00;0;0;0;0.00;0;0;0*
$66856;-0.01;0.02;1.01;0.00;0.00;0.00;5.85;10.67;-2.38;0.00;0.00;0.00;0.00;0.00;0.00;0.00;0.00;0.00;98021.07;18.48;0.01;0.00;E;0.00;N;0.00;0.00;0.00;0.00;0.00;0;0;0;0.00;0;0;0*
$66956;-0.01;0.02;1.01;0.00;0.00;0.00;-2.13;7.99;-7.32;0.00;0.00;0.00;0.00;0.00;0.00;0.00;0.00;0.00;98024.46;18.49;-0.00;0.00;E;0.00;N;0.00;0.00;0.00;0.00;0.00;0;0;0;0.00;0;0;0*
$67056;-0.01;0.02;1.00;0.00;0.00;0.00;-1.77;3.35;-4.33;0.00;0.00;0.00;0.00;0.00;0.00;0.00;0.00;0.00;98027.86;18.51;-0.02;0.00;E;0.00;N;0.00;0.00;0.00;0.00;0.00;0;0;0;0.00;0;0;0*
$67156;-0.01;0.02;1.01;0.00;0.00;0.00;-2.32;7.62;0.30;0.00;0.00;0.00;0.00;0.00;0.00;0.00;0.00;0.00;98025.96;18.51;-0.01;0.00;E;0.00;N;0.00;0.00;0.00;0.00;0.00;0;0;0;0.00;0;0;0*
$67256;-0.00;0.02;1.01;0.00;0.00;0.00;5.43;7.01;2.44;0.00;0.00;0.00;0.00;0.00;0.00;0.00;0.00;0.00;98026.67;18.51;-0.02;0.00;E;0.00;N;0.00;0.00;0.00;0.00;0.00;0;0;0;0.00;0;0;0*
$67356;-0.01;0.01;1.00;0.00;0.00;0.00;-1.95;4.94;4.63;0.00;0.00;0.00;0.00;0.00;0.00;0.00;0.00;0.00;98025.08;18.52;-0.01;0.00;E;0.00;N;0.00;0.00;0.00;0.00;0.00;0;0;0;0.00;0;0;0*
$67456;-0.00;0.02;1.01;0.00;0.00;0.00;-0.18;9.27;8.17;0.00;0.00;0.00;0.00;0.00;0.00;0.00;0.00;0.00;98027.43;18.53;-0.02;0.00;E;0.00;N;0.00;0.00;0.00;0.00;0.00;0;0;0;0.00;0;0;0*
$67556;-0.01;0.02;1.01;0.00;0.00;0.00;-3.72;5.18;-2.50;0.00;0.00;0.00;0.00;0.00;0.00;0.00;0.00;0.00;98026.90;18.53;-0.02;0.00;E;0.00;N;0.00;0.00;0.00;0.00;0.00;0;0;0;0.00;0;0;0*
$67656;-0.01;0.02;1.00;0.00;0.00;0.00;0.37;-0.73;-0.18;0.00;0.00;0.00;0.00;0.00;0.00;0.00;0.00;0.00;98024.05;18.52;-0.00;0.00;E;0.00;N;0.00;0.00;0.00;0.00;0.00;0;0;0;0.00;0;0;0*
$67756;-0.01;0.02;1.01;0.00;0.00;0.00;-2.56;-8.90;10.85;0.00;0.00;0.00;0.00;0.00;0.00;0.00;0.00;0.00;98027.05;18.52;-0.02;0.00;E;0.00;N;0.00;0.00;0.00;0.00;0.00;0;0;0;0.00;0;0;0*
$67856;-0.00;0.02;1.01;0.00;0.00;0.00;-0.61;5.61;4.94;0.00;0.00;0.00;0.00;0.00;0.00;0.00;0.00;0.00;98026.00;18.52;-0.01;0.00;E;0.00;N;0.00;0.00;0.00;0.00;0.00;0;0;0;0.00;0;0;0*
$67956;-0.01;0.02;1.00;0.00;0.00;0.00;-0.37;-0.55;1.95;0.00;0.00;0.00;0.00;0.00;0.00;0.00;0.00;0.00;98027.42;18.53;-0.02;0.00;E;0.00;N;0.00;0.00;0.00;0.00;0.00;0;0;0;0.00;0;0;0*
$68056;-0.01;0.02;1.01;0.00;0.00;0.00;-4.45;4.76;-0.37;0.00;0.00;0.00;0.00;0.00;0.00;0.00;0.00;0.00;98025.42;18.52;-0.01;0.00;E;0.00;N;0.00;0.00;0.00;0.00;0.00;0;0;0;0.00;0;0;0*
$68156;-0.01;0.02;1.00;0.00;0.00;0.00;1.34;9.27;-4.70;0.00;0.00;0.00;0.00;0.00;0.00;0.00;0.00;0.00;98027.01;18.52;-0.02;0.00;E;0.00;N;0.00;0.00;0.00;0.00;0.00;0;0;0;0.00;0;0;0*
$68256;-0.00;0.02;1.01;0.00;0.00;0.00;2.32;9.27;-1.10;0.00;0.00;0.00;0.00;0.00;0.00;0.00;0.00;0.00;98023.83;18.52;-0.00;0.00;E;0.00;N;0.00;0.00;0.00;0.00;0.00;0;0;0;0.00;0;0;0*
$68356;-0.01;0.02;1.00;0.00;0.00;0.00;6.04;1.28;-10.73;0.00;0.00;0.00;0.00;0.00;0.00;0.00;0.00;0.00;98029.69;18.52;-0.03;0.00;E;0.00;N;0.00;0.00;0.00;0.00;0.00;0;0;0;0.00;0;0;0*
$68456;-0.01;0.02;1.01;0.00;0.00;0.00;-0.61;4.15;-4.82;0.00;0.00;0.00;0.00;0.00;0.00;0.00;0.00;0.00;98028.66;18.53;-0.03;0.00;E;0.00;N;0.00;0.00;0.00;0.00;0.00;0;0;0;0.00;0;0;0*
$68556;-0.01;0.02;1.01;0.00;0.00;0.00;0.00;1.71;13.90;0.00;0.00;0.00;0.00;0.00;0.00;0.00;0.00;0.00;98023.70;18.52;0.00;0.00;E;0.00;N;0.00;0.00;0.00;0.00;0.00;0;0;0;0.00;0;0;0*
$68656;-0.01;0.02;1.00;0.00;0.00;0.00;-0.18;1.28;2.80;0.00;0.00;0.00;0.00;0.00;0.00;0.00;0.00;0.00;98023.69;18.52;0.00;0.00;E;0.00;N;0.00;0.00;0.00;0.00;0.00;0;0;0;0.00;0;0;0*
$68756;-0.00;0.01;1.01;0.00;0.00;0.00;-3.11;11.89;5.49;0.00;0.00;0.00;0.00;0.00;0.00;0.00;0.00;0.00;98026.32;18.52;-0.01;0.00;E;0.00;N;0.00;0.00;0.00;0.00;0.00;0;0;0;0.00;0;0;0*
$68856;-0.01;0.01;1.01;0.00;0.00;0.00;-0.79;7.20;10.12;0.00;0.00;0.00;0.00;0.00;0.00;0.00;0.00;0.00;98021.25;18.53;0.01;0.00;E;0.00;N;0.00;0.00;0.00;0.00;0.00;0;0;0;0.00;0;0;0*
$68956;-0.01;0.02;1.00;0.00;0.00;0.00;3.11;-0.18;-5.37;0.00;0.00;0.00;0.00;0.00;0.00;0.00;0.00;0.00;98024.63;18.54;-0.00;0.00;E;0.00;N;0.00;0.00;0.00;0.00;0.00;0;0;0;0.00;0;0;0*
$69056;-0.01;0.02;1.00;0.00;0.00;0.00;-0.18;-3.41;2.26;0.00;0.00;0.00;0.00;0.00;0.00;0.00;0.00;0.00;98024.47;18.54;-0.00;0.00;E;0.00;N;0.00;0.00;0.00;0.00;0.00;0;0;0;0.00;0;0;0*
$69156;-0.01;0.01;1.00;0.00;0.00;0.00;0.55;12.93;-3.41;0.00;0.00;0.00;0.00;0.00;0.00;0.00;0.00;0.00;98023.96;18.55;-0.00;0.00;E;0.00;N;0.00;0.00;0.00;0.00;0.00;0;0;0;0.00;0;0;0*
$69256;-0.01;0.02;1.01;0.00;0.00;0.00;1.52;-9.45;1.59;0.00;0.00;0.00;0.00;0.00;0.00;0.00;0.00;0.00;98021.16;18.55;0.01;0.00;E;0.00;N;0.00;0.00;0.00;0.00;0.00;0;0;0;0.00;0;0;0*
$69356;-0.00;0.02;1.00;0.00;0.00;0.00;-4.27;-1.34;2.80;0.00;0.00;0.00;0.00;0.00;0.00;0.00;0.00;0.00;98021.88;18.56;0.01;0.00;E;0.00;N;0.00;0.00;0.00;0.00;0.00;0;0;0;0.00;0;0;0*
$69456;-0.00;0.02;1.01;0.00;0.00;0.00;2.74;5.18;6.22;0.00;0.00;0.00;0.00;0.00;0.00;0.00;0.00;0.00;98018.00;18.56;0.03;0.00;E;0.00;N;0.00;0.00;0.00;0.00;0.00;0;0;0;0.00;0;0;0*
$69556;-0.00;0.02;1.01;0.00;0.00;0.00;2.74;-2.38;-3.41;0.00;0.00;0.00;0.00;0.00;0.00;0.00;0.00;0.00;98022.43;18.57;0.01;0.00;E;0.00;N;0.00;0.00;0.00;0.00;0.00;0;0;0;0.00;0;0;0*
$69656;-0.00;0.02;1.01;0.00;0.00;0.00;3.90;7.44;0.30;0.00;0.00;0.00;0.00;0.00;0.00;0.00;0.00;0.00;98019.94;18.56;0.02;0.00;E;0.00;N;0.00;0.00;0.00;0.00;0.00;0;0;0;0.00;0;0;0*
$69756;-0.01;0.02;1.01;0.00;0.00;0.00;-0.61;-4.02;-1.46;0.00;0.00;0.00;0.00;0.00;0.00;0.00;0.00;0.00;98023.48;18.56;0.00;0.00;E;0.00;N;0.00;0.00;0.00;0.00;0.00;0;0;0;0.00;0;0;0*
$69856;-0.00;0.02;1.01;0.00;0.00;0.00;4.27;-0.73;4.63;0.00;0.00;0.00;0.00;0.00;0.00;0.00;0.00;0.00;98022.93;18.56;0.00;0.00;E;0.00;N;0.00;0.00;0.00;0.00;0.00;0;0;0;0.00;0;0;0*
$69956;-0.00;0.02;1.00;0.00;0.00;0.00;0.55;6.77;1.95;0.00;0.00;0.00;0.00;0.00;0.00;0.00;0.00;0.00;98022.07;18.56;0.01;0.00;E;0.00;N;0.00;0.00;0.00;0.00;0.00;0;0;0;0.00;0;0;0*
$70056;-0.01;0.02;1.01;0.00;0.00;0.00;0.37;-1.34;7.80;0.00;0.00;0.00;0.00;0.00;0.00;0.00;0.00;0.00;98021.67;18.55;0.01;0.00;E;0.00;N;0.00;0.00;0.00;0.00;0.00;0;0;0;0.00;0;0;0*
$70156;-0.01;0.02;1.00;0.00;0.00;0.00;4.09;0.49;1.95;0.00;0.00;0.00;0.00;0.00;0.00;0.00;0.00;0.00;98019.56;18.55;0.02;0.00;E;0.00;N;0.00;0.00;0.00;0.00;0.00;0;0;0;0.00;0;0;0*
$70756;-0.00;0.02;1.01;0.00;0.00;0.00;-0.79;1.10;-2.87;0.00;0.00;0.00;0.00;0.00;0.00;0.00;0.00;0.00;98018.25;18.53;0.03;0.00;E;0.00;N;0.00;0.00;0.00;0.00;0.00;0;0;0;0.00;0;0;0*
$70856;-0.01;0.02;1.01;0.00;0.00;0.00;2.74;0.67;2.44;0.00;0.00;0.00;0.00;0.00;0.00;0.00;0.00;0.00;98020.06;18.54;0.02;0.00;E;0.00;N;0.00;0.00;0.00;0.00;0.00;0;0;0;0.00;0;0;0*
$70956;0.00;0.02;1.01;0.00;0.00;0.00;0.79;-1.95;-3.05;0.00;0.00;0.00;0.00;0.00;0.00;0.00;0.00;0.00;98019.11;18.53;0.03;0.00;E;0.00;N;0.00;0.00;0.00;0.00;0.00;0;0;0;0.00;0;0;0*
$71056;-0.01;0.02;1.01;0.00;0.00;0.00;0.79;3.35;5.85;0.00;0.00;0.00;0.00;0.00;0.00;0.00;0.00;0.00;98023.22;18.53;0.00;0.00;E;0.00;N;0.00;0.00;0.00;0.00;0.00;0;0;0;0.00;0;0;0*
$71156;-0.01;0.01;1.00;0.00;0.00;0.00;1.77;-0.73;1.40;0.00;0.00;0.00;0.00;0.00;0.00;0.00;0.00;0.00;98022.53;18.54;0.01;0.00;E;0.00;N;0.00;0.00;0.00;0.00;0.00;0;0;0;0.00;0;0;0*
$71256;-0.00;0.02;1.01;0.00;0.00;0.00;0.98;10.91;-3.41;0.00;0.00;0.00;0.00;0.00;0.00;0.00;0.00;0.00;98023.04;18.54;0.00;0.00;E;0.00;N;0.00;0.00;0.00;0.00;0.00;0;0;0;0.00;0;0;0*
$71356;-0.01;0.02;1.01;0.00;0.00;0.00;-1.34;2.32;2.44;0.00;0.00;0.00;0.00;0.00;0.00;0.00;0.00;0.00;98023.08;18.54;0.00;0.00;E;0.00;N;0.00;0.00;0.00;0.00;0.00;0;0;0;0.00;0;0;0*
$71456;-0.00;0.02;1.01;0.00;0.00;0.00;0.00;6.77;0.85;0.00;0.00;0.00;0.00;0.00;0.00;0.00;0.00;0.00;98024.49;18.55;-0.00;0.00;E;0.00;N;0.00;0.00;0.00;0.00;0.00;0;0;0;0.00;0;0;0*
$71556;-0.00;0.01;1.00;0.00;0.00;0.00;-2.32;7.20;-1.10;0.00;0.00;0.00;0.00;0.00;0.00;0.00;0.00;0.00;98024.85;18.55;-0.01;0.00;E;0.00;N;0.00;0.00;0.00;0.00;0.00;0;0;0;0.00;0;0;0*
$71656;-0.00;0.02;1.00;0.00;0.00;0.00;0.18;3.96;-2.50;0.00;0.00;0.00;0.00;0.00;0.00;0.00;0.00;0.00;98025.75;18.55;-0.01;0.00;E;0.00;N;0.00;0.00;0.00;0.00;0.00;0;0;0;0.00;0;0;0*
$71756;-0.01;0.02;1.01;0.00;0.00;0.00;3.90;9.02;-5.91;0.00;0.00;0.00;0.00;0.00;0.00;0.00;0.00;0.00;98029.08;18.55;-0.03;0.00;E;0.00;N;0.00;0.00;0.00;0.00;0.00;0;0;0;0.00;0;0;0*
$71856;-0.00;0.02;1.00;0.00;0.00;0.00;2.74;-3.78;2.26;0.00;0.00;0.00;0.00;0.00;0.00;0.00;0.00;0.00;98026.07;18.54;-0.01;0.00;E;0.00;N;0.00;0.00;0.00;0.00;0.00;0;0;0;0.00;0;0;0*
$71956;-0.01;0.02;1.00;0.00;0.00;0.00;1.52;9.88;-7.32;0.00;0.00;0.00;0.00;0.00;0.00;0.00;0.00;0.00;98029.78;18.54;-0.03;0.00;E;0.00;N;0.00;0.00;0.00;0.00;0.00;0;0;0;0.00;0;0;0*
$72056;-0.01;0.01;1.00;0.00;0.00;0.00;0.37;-10.91;5.67;0.00;0.00;0.00;0.00;0.00;0.00;0.00;0.00;0.00;98027.28;18.53;-0.02;0.00;E;0.00;N;0.00;0.00;0.00;0.00;0.00;0;0;0;0.00;0;0;0*
$72156;-0.00;0.02;1.01;0.00;0.00;0.00;0.79;-0.98;-3.78;0.00;0.00;0.00;0.00;0.00;0.00;0.00;0.00;0.00;98026.41;18.53;-0.01;0.00;E;0.00;N;0.00;0.00;0.00;0.00;0.00;0;0;0;0.00;0;0;0*
$72256;-0.01;0.02;1.00;0.00;0.00;0.00;-4.88;2.74;4.63;0.00;0.00;0.00;0.00;0.00;0.00;0.00;0.00;0.00;98026.92;18.54;-0.02;0.00;E;0.00;N;0.00;0.00;0.00;0.00;0.00;0;0;0;0.00;0;0;0*
$72356;-0.01;0.02;1.00;0.00;0.00;0.00;-2.93;-1.52;-6.46;0.00;0.00;0.00;0.00;0.00;0.00;0.00;0.00;0.00;98026.25;18.54;-0.01;0.00;E;0.00;N;0.00;0.00;0.00;0.00;0.00;0;0;0;0.00;0;0;0*
$72456;-0.01;0.02;1.00;0.00;0.00;0.00;3.48;0.30;1.95;0.00;0.00;0.00;0.00;0.00;0.00;0.00;0.00;0.00;98025.35;18.54;-0.01;0.00;E;0.00;N;0.00;0.00;0.00;0.00;0.00;0;0;0;0.00;0;0;0*
$72556;-0.00;0.02;1.00;0.00;0.00;0.00;1.16;-3.17;9.09;0.00;0.00;0.00;0.00;0.00;0.00;0.00;0.00;0.00;98022.17;18.54;0.01;0.00;E;0.00;N;0.00;0.00;0.00;0.00;0.00;0;0;0;0.00;0;0;0*
$72656;-0.01;0.01;1.00;0.00;0.00;0.00;-1.77;8.23;-0.91;0.00;0.00;0.00;0.00;0.00;0.00;0.00;0.00;0.00;98025.02;18.55;-0.01;0.00;E;0.00;N;0.00;0.00;0.00;0.00;0.00;0;0;0;0.00;0;0;0*
$72756;-0.00;0.02;1.01;0.00;0.00;0.00;0.37;1.71;3.90;0.00;0.00;0.00;0.00;0.00;0.00;0.00;0.00;0.00;98024.63;18.54;-0.00;0.00;E;0.00;N;0.00;0.00;0.00;0.00;0.00;0;0;0;0.00;0;0;0*
$72856;-0.01;0.02;1.01;0.00;0.00;0.00;1.34;12.68;4.27;0.00;0.00;0.00;0.00;0.00;0.00;0.00;0.00;0.00;98025.72;18.55;-0.01;0.00;E;0.00;N;0.00;0.00;0.00;0.00;0.00;0;0;0;0.00;0;0;0*
$72956;-0.01;0.02;1.01;0.00;0.00;0.00;-2.13;5.79;-2.38;0.00;0.00;0.00;0.00;0.00;0.00;0.00;0.00;0.00;98026.63;18.55;-0.02;0.00;E;0.00;N;0.00;0.00;0.00;0.00;0.00;0;0;0;0.00;0;0;0*
$73056;-0.01;0.02;1.00;0.00;0.00;0.00;-0.98;5.37;4.76;0.00;0.00;0.00;0.00;0.00;0.00;0.00;0.00;0.00;98028.60;18.56;-0.03;0.00;E;0.00;N;0.00;0.00;0.00;0.00;0.00;0;0;0;0.00;0;0;0*
$73156;-0.01;0.02;1.00;0.00;0.00;0.00;-1.16;10.24;1.77;0.00;0.00;0.00;0.00;0.00;0.00;0.00;0.00;0.00;98033.37;18.56;-0.05;0.00;E;0.00;N;0.00;0.00;0.00;0.00;0.00;0;0;0;0.00;0;0;0*
$73256;-0.00;0.02;1.01;0.00;0.00;0.00;0.18;4.76;6.77;0.00;0.00;0.00;0.00;0.00;0.00;0.00;0.00;0.00;98027.94;18.57;-0.02;0.00;E;0.00;N;0.00;0.00;0.00;0.00;0.00;0;0;0;0.00;0;0;0*
$73356;-0.01;0.02;1.00;0.00;0.00;0.00;0.55;13.11;-2.38;0.00;0.00;0.00;0.00;0.00;0.00;0.00;0.00;0.00;98024.22;18.57;-0.00;0.00;E;0.00;N;0.00;0.00;0.00;0.00;0.00;0;0;0;0.00;0;0;0*
$73456;-0.01;0.02;1.01;0.00;0.00;0.00;-4.09;-1.34;6.22;0.00;0.00;0.00;0.00;0.00;0.00;0.00;0.00;0.00;98030.41;18.57;-0.04;0.00;E;0.00;N;0.00;0.00;0.00;0.00;0.00;0;0;0;0.00;0;0;0*
$73556;-0.01;0.02;1.00;0.00;0.00;0.00;-4.09;-4.82;1.59;0.00;0.00;0.00;0.00;0.00;0.00;0.00;0.00;0.00;98029.00;18.57;-0.03;0.00;E;0.00;N;0.00;0.00;0.00;0.00;0.00;0;0;0;0.00;0;0;0*
$73656;-0.00;0.02;1.00;0.00;0.00;0.00;-0.79;6.77;2.26;0.00;0.00;0.00;0.00;0.00;0.00;0.00;0.00;0.00;98024.70;18.56;-0.01;0.00;E;0.00;N;0.00;0.00;0.00;0.00;0.00;0;0;0;0.00;0;0;0*
$73756;-0.00;0.02;1.00;0.00;0.00;0.00;0.18;9.02;11.40;0.00;0.00;0.00;0.00;0.00;0.00;0.00;0.00;0.00;98025.17;18.53;-0.01;0.00;E;0.00;N;0.00;0.00;0.00;0.00;0.00;0;0;0;0.00;0;0;0*
$73856;-0.01;0.02;1.01;0.00;0.00;0.00;2.32;-2.99;4.27;0.00;0.00;0.00;0.00;0.00;0.00;0.00;0.00;0.00;98027.28;18.54;-0.02;0.00;E;0.00;N;0.00;0.00;0.00;0.00;0.00;0;0;0;0.00;0;0;0*
$73956;-0.01;0.02;1.01;0.00;0.00;0.00;-2.56;4.33;-5.37;0.00;0.00;0.00;0.00;0.00;0.00;0.00;0.00;0.00;98029.94;18.53;-0.03;0.00;E;0.00;N;0.00;0.00;0.00;0.00;0.00;0;0;0;0.00;0;0;0*
$74056;-0.00;0.02;1.00;0.00;0.00;0.00;-0.37;1.89;-5.37;0.00;0.00;0.00;0.00;0.00;0.00;0.00;0.00;0.00;98025.13;18.53;-0.01;0.00;E;0.00;N;0.00;0.00;0.00;0.00;0.00;0;0;0;0.00;0;0;0*
$74156;-0.00;0.02;1.01;0.00;0.00;0.00;-0.37;11.71;-9.45;0.00;0.00;0.00;0.00;0.00;0.00;0.00;0.00;0.00;98027.44;18.53;-0.02;0.00;E;0.00;N;0.00;0.00;0.00;0.00;0.00;0;0;0;0.00;0;0;0*
$74256;-0.01;0.02;1.00;0.00;0.00;0.00;1.52;0.30;3.90;0.00;0.00;0.00;0.00;0.00;0.00;0.00;0.00;0.00;98027.95;18.53;-0.02;0.00;E;0.00;N;0.00;0.00;0.00;0.00;0.00;0;0;0;0.00;0;0;0*
$74356;-0.00;0.02;1.01;0.00;0.00;0.00;-1.16;5.55;3.72;0.00;0.00;0.00;0.00;0.00;0.00;0.00;0.00;0.00;98026.74;18.53;-0.02;0.00;E;0.00;N;0.00;0.00;0.00;0.00;0.00;0;0;0;0.00;0;0;0*
$74456;-0.00;0.02;1.00;0.00;0.00;0.00;5.24;0.91;4.76;0.00;0.00;0.00;0.00;0.00;0.00;0.00;0.00;0.00;98030.82;18.53;-0.04;0.00;E;0.00;N;0.00;0.00;0.00;0.00;0.00;0;0;0;0.00;0;0;0*
$74556;-0.01;0.02;1.01;0.00;0.00;0.00;-3.48;0.06;2.26;0.00;0.00;0.00;0.00;0.00;0.00;0.00;0.00;0.00;98028.32;18.53;-0.03;0.00;E;0.00;N;0.00;0.00;0.00;0.00;0.00;0;0;0;0.00;0;0;0*
$74656;-0.01;0.02;1.00;0.00;0.00;0.00;3.29;2.13;2.99;0.00;0.00;0.00;0.00;0.00;0.00;0.00;0.00;0.00;98028.72;18.54;-0.03;0.00;E;0.00;N;0.00;0.00;0.00;0.00;0.00;0;0;0;0.00;0;0;0*
$74756;-0.01;0.01;1.00;0.00;0.00;0.00;-3.29;4.57;-4.82;0.00;0.00;0.00;0.00;0.00;0.00;0.00;0.00;0.00;98027.08;18.53;-0.02;0.00;E;0.00;N;0.00;0.00;0.00;0.00;0.00;0;0;0;0.00;0;0;0*
$74856;-0.00;0.02;1.00;0.00;0.00;0.00;-1.34;6.16;6.95;0.00;0.00;0.00;0.00;0.00;0.00;0.00;0.00;0.00;98031.71;18.54;-0.04;0.00;E;0.00;N;0.00;0.00;0.00;0.00;0.00;0;0;0;0.00;0;0;0*
$74956;-0.01;0.02;1.00;0.00;0.00;0.00;-2.74;3.78;2.62;0.00;0.00;0.00;0.00;0.00;0.00;0.00;0.00;0.00;98029.42;18.54;-0.03;0.00;E;0.00;N;0.00;0.00;0.00;0.00;0.00;0;0;0;0.00;0;0;0*
$75056;-0.01;0.02;1.00;0.00;0.00;0.00;1.52;-7.87;0.49;0.00;0.00;0.00;0.00;0.00;0.00;0.00;0.00;0.00;98028.92;18.55;-0.03;0.00;E;0.00;N;0.00;0.00;0.00;0.00;0.00;0;0;0;0.00;0;0;0*
$75156;-0.00;0.02;1.00;0.00;0.00;0.00;0.98;-0.30;-5.37;0.00;0.00;0.00;0.00;0.00;0.00;0.00;0.00;0.00;98029.09;18.54;-0.03;0.00;E;0.00;N;0.00;0.00;0.00;0.00;0.00;0;0;0;0.00;0;0;0*
$75256;-0.01;0.02;1.01;0.00;0.00;0.00;-0.98;7.20;5.30;0.00;0.00;0.00;0.00;0.00;0.00;0.00;0.00;0.00;98024.15;18.55;-0.00;0.00;E;0.00;N;0.00;0.00;0.00;0.00;0.00;0;0;0;0.00;0;0;0*
$75356;-0.01;0.02;1.01;0.00;0.00;0.00;-0.98;11.10;-2.20;0.00;0.00;0.00;0.00;0.00;0.00;0.00;0.00;0.00;98026.97;18.55;-0.02;0.00;E;0.00;N;0.00;0.00;0.00;0.00;0.00;0;0;0;0.00;0;0;0*
$75456;-0.01;0.01;1.01;0.00;0.00;0.00;0.55;6.40;4.27;0.00;0.00;0.00;0.00;0.00;0.00;0.00;0.00;0.00;98023.44;18.55;0.00;0.00;E;0.00;N;0.00;0.00;0.00;0.00;0.00;0;0;0;0.00;0;0;0*
$75556;-0.01;0.02;1.00;0.00;0.00;0.00;2.74;1.52;-4.70;0.00;0.00;0.00;0.00;0.00;0.00;0.00;0.00;0.00;98026.33;18.56;-0.01;0.00;E;0.00;N;0.00;0.00;0.00;0.00;0.00;0;0;0;0.00;0;0;0*
$75656;-0.01;0.02;1.00;0.00;0.00;0.00;1.77;7.56;4.76;0.00;0.00;0.00;0.00;0.00;0.00;0.00;0.00;0.00;98023.10;18.55;0.00;0.00;E;0.00;N;0.00;0.00;0.00;0.00;0.00;0;0;0;0.00;0;0;0*
$75756;-0.01;0.02;1.00;0.00;0.00;0.00;-2.13;1.71;3.54;0.00;0.00;0.00;0.00;0.00;0.00;0.00;0.00;0.00;98026.61;18.55;-0.02;0.00;E;0.00;N;0.00;0.00;0.00;0.00;0.00;0;0;0;0.00;0;0;0*
$75856;-0.01;0.02;1.03;0.00;0.00;0.00;1.16;-6.46;12.07;0.00;0.00;0.00;0.00;0.00;0.00;0.00;0.00;0.00;98025.19;18.55;-0.01;0.00;E;0.00;N;0.00;0.00;0.00;0.00;0.00;0;0;0;0.00;0;0;0*
$75956;-0.01;0.02;1.00;0.00;0.00;0.00;0.00;-1.52;-0.55;0.00;0.00;0.00;0.00;0.00;0.00;0.00;0.00;0.00;98029.62;18.55;-0.03;0.00;E;0.00;N;0.00;0.00;0.00;0.00;0.00;0;0;0;0.00;0;0;0*
$76056;-0.01;0.01;1.00;0.00;0.00;0.00;1.95;-2.74;7.07;0.00;0.00;0.00;0.00;0.00;0.00;0.00;0.00;0.00;98031.03;18.55;-0.04;0.00;E;0.00;N;0.00;0.00;0.00;0.00;0.00;0;0;0;0.00;0;0;0*
$76156;-0.01;0.02;1.01;0.00;0.00;0.00;-2.93;-2.56;-2.68;0.00;0.00;0.00;0.00;0.00;0.00;0.00;0.00;0.00;98030.38;18.56;-0.04;0.00;E;0.00;N;0.00;0.00;0.00;0.00;0.00;0;0;0;0.00;0;0;0*
$76256;-0.01;0.02;1.00;0.00;0.00;0.00;5.24;-7.87;1.22;0.00;0.00;0.00;0.00;0.00;0.00;0.00;0.00;0.00;98028.06;18.56;-0.02;0.00;E;0.00;N;0.00;0.00;0.00;0.00;0.00;0;0;0;0.00;0;0;0*
$76356;-0.00;0.02;1.00;0.00;0.00;0.00;1.95;9.02;-7.50;0.00;0.00;0.00;0.00;0.00;0.00;0.00;0.00;0.00;98024.32;18.55;-0.00;0.00;E;0.00;N;0.00;0.00;0.00;0.00;0.00;0;0;0;0.00;0;0;0*
$76456;-0.01;0.02;1.00;0.00;0.00;0.00;-6.40;2.50;-0.91;0.00;0.00;0.00;0.00;0.00;0.00;0.00;0.00;0.00;98025.21;18.55;-0.01;0.00;E;0.00;N;0.00;0.00;0.00;0.00;0.00;0;0;0;0.00;0;0;0*
$76556;-0.01;0.01;1.01;0.00;0.00;0.00;-2.74;0.06;-5.73;0.00;0.00;0.00;0.00;0.00;0.00;0.00;0.00;0.00;98022.21;18.55;0.01;0.00;E;0.00;N;0.00;0.00;0.00;0.00;0.00;0;0;0;0.00;0;0;0*
$76656;-0.01;0.02;1.01;0.00;0.00;0.00;3.11;-2.13;-1.46;0.00;0.00;0.00;0.00;0.00;0.00;0.00;0.00;0.00;98027.72;18.56;-0.02;0.00;E;0.00;N;0.00;0.00;0.00;0.00;0.00;0;0;0;0.00;0;0;0*
$76756;-0.01;0.02;1.01;0.00;0.00;0.00;1.16;-5.24;1.40;0.00;0.00;0.00;0.00;0.00;0.00;0.00;0.00;0.00;98024.86;18.55;-0.01;0.00;E;0.00;N;0.00;0.00;0.00;0.00;0.00;0;0;0;0.00;0;0;0*
$76856;-0.01;0.02;1.01;0.00;0.00;0.00;-2.74;-0.73;-5.73;0.00;0.00;0.00;0.00;0.00;0.00;0.00;0.00;0.00;98028.43;18.56;-0.03;0.00;E;0.00;N;0.00;0.00;0.00;0.00;0.00;0;0;0;0.00;0;0;0*
$76956;-0.01;0.02;1.00;0.00;0.00;0.00;3.29;-6.22;3.90;0.00;0.00;0.00;0.00;0.00;0.00;0.00;0.00;0.00;98026.14;18.56;-0.01;0.00;E;0.00;N;0.00;0.00;0.00;0.00;0.00;0;0;0;0.00;0;0;0*
$77056;-0.01;0.02;1.00;0.00;0.00;0.00;3.48;-0.12;0.49;0.00;0.00;0.00;0.00;0.00;0.00;0.00;0.00;0.00;98024.75;18.57;-0.01;0.00;E;0.00;N;0.00;0.00;0.00;0.00;0.00;0;0;0;0.00;0;0;0*
$77156;-0.02;0.02;1.00;0.00;0.00;0.00;0.18;-7.07;4.45;0.00;0.00;0.00;0.00;0.00;0.00;0.00;0.00;0.00;98021.94;18.57;0.01;0.00;E;0.00;N;0.00;0.00;0.00;0.00;0.00;0;0;0;0.00;0;0;0*
$77256;-0.01;0.01;1.00;0.00;0.00;0.00;-1.34;6.59;-12.13;0.00;0.00;0.00;0.00;0.00;0.00;0.00;0.00;0.00;98025.35;18.58;-0.01;0.00;E;0.00;N;0.00;0.00;0.00;0.00;0.00;0;0;0;0.00;0;0;0*
$77356;-0.01;0.02;1.00;0.00;0.00;0.00;-0.61;3.54;5.67;0.00;0.00;0.00;0.00;0.00;0.00;0.00;0.00;0.00;98019.49;18.58;0.02;0.00;E;0.00;N;0.00;0.00;0.00;0.00;0.00;0;0;0;0.00;0;0;0*
$77456;-0.01;0.01;1.01;0.00;0.00;0.00;0.79;-1.52;-13.05;0.00;0.00;0.00;0.00;0.00;0.00;0.00;0.00;0.00;98024.47;18.59;-0.00;0.00;E;0.00;N;0.00;0.00;0.00;0.00;0.00;0;0;0;0.00;0;0;0*
$77556;-0.01;0.02;1.01;0.00;0.00;0.00;0.98;3.11;4.94;0.00;0.00;0.00;0.00;0.00;0.00;0.00;0.00;0.00;98023.37;18.58;0.00;0.00;E;0.00;N;0.00;0.00;0.00;0.00;0.00;0;0;0;0.00;0;0;0*
$77656;-0.01;0.02;1.00;0.00;0.00;0.00;4.09;-8.90;3.35;0.00;0.00;0.00;0.00;0.00;0.00;0.00;0.00;0.00;98021.09;18.59;0.01;0.00;E;0.00;N;0.00;0.00;0.00;0.00;0.00;0;0;0;0.00;0;0;0*
$77756;-0.01;0.02;1.00;0.00;0.00;0.00;2.13;-0.55;1.95;0.00;0.00;0.00;0.00;0.00;0.00;0.00;0.00;0.00;98020.91;18.59;0.02;0.00;E;0.00;N;0.00;0.00;0.00;0.00;0.00;0;0;0;0.00;0;0;0*
$77856;-0.01;0.02;1.00;0.00;0.00;0.00;0.18;7.44;6.95;0.00;0.00;0.00;0.00;0.00;0.00;0.00;0.00;0.00;98024.29;18.59;-0.00;0.00;E;0.00;N;0.00;0.00;0.00;0.00;0.00;0;0;0;0.00;0;0;0*
$77956;-0.01;0.02;1.00;0.00;0.00;0.00;0.00;0.91;6.59;0.00;0.00;0.00;0.00;0.00;0.00;0.00;0.00;0.00;98022.72;18.59;0.01;0.00;E;0.00;N;0.00;0.00;0.00;0.00;0.00;0;0;0;0.00;0;0;0*
$78056;-0.01;0.02;1.00;0.00;0.00;0.00;-1.34;8.41;11.40;0.00;0.00;0.00;0.00;0.00;0.00;0.00;0.00;0.00;98022.56;18.60;0.01;0.00;E;0.00;N;0.00;0.00;0.00;0.00;0.00;0;0;0;0.00;0;0;0*
$78156;-0.00;0.02;1.00;0.00;0.00;0.00;1.95;9.88;-8.23;0.00;0.00;0.00;0.00;0.00;0.00;0.00;0.00;0.00;98025.08;18.60;-0.01;0.00;E;0.00;N;0.00;0.00;0.00;0.00;0.00;0;0;0;0.00;0;0;0*
$78256;-0.01;0.01;1.01;0.00;0.00;0.00;5.85;16.16;-2.38;0.00;0.00;0.00;0.00;0.00;0.00;0.00;0.00;0.00;98025.75;18.61;-0.01;0.00;E;0.00;N;0.00;0.00;0.00;0.00;0.00;0;0;0;0.00;0;0;0*
$78356;-0.01;0.02;1.00;0.00;0.00;0.00;-3.72;10.49;-12.32;0.00;0.00;0.00;0.00;0.00;0.00;0.00;0.00;0.00;98024.35;18.61;-0.00;0.00;E;0.00;N;0.00;0.00;0.00;0.00;0.00;0;0;0;0.00;0;0;0*
$78456;-0.01;0.02;1.01;0.00;0.00;0.00;-2.13;2.50;4.09;0.00;0.00;0.00;0.00;0.00;0.00;0.00;0.00;0.00;98026.12;18.61;-0.01;0.00;E;0.00;N;0.00;0.00;0.00;0.00;0.00;0;0;0;0.00;0;0;0*
$78556;-0.01;0.02;1.01;0.00;0.00;0.00;1.16;-2.13;-16.10;0.00;0.00;0.00;0.00;0.00;0.00;0.00;0.00;0.00;98027.86;18.61;-0.02;0.00;E;0.00;N;0.00;0.00;0.00;0.00;0.00;0;0;0;0.00;0;0;0*
$78656;-0.01;0.02;1.00;0.00;0.00;0.00;0.79;-4.39;-6.46;0.00;0.00;0.00;0.00;0.00;0.00;0.00;0.00;0.00;98025.42;18.60;-0.01;0.00;E;0.00;N;0.00;0.00;0.00;0.00;0.00;0;0;0;0.00;0;0;0*
$78756;-0.01;0.02;1.00;0.00;0.00;0.00;-1.77;3.35;10.49;0.00;0.00;0.00;0.00;0.00;0.00;0.00;0.00;0.00;98025.19;18.60;-0.01;0.00;E;0.00;N;0.00;0.00;0.00;0.00;0.00;0;0;0;0.00;0;0;0*
$78856;-0.01;0.01;1.00;0.00;0.00;0.00;4.45;-1.40;7.62;0.00;0.00;0.00;0.00;0.00;0.00;0.00;0.00;0.00;98028.06;18.60;-0.02;0.00;E;0.00;N;0.00;0.00;0.00;0.00;0.00;0;0;0;0.00;0;0;0*
$78956;-0.01;0.02;1.00;0.00;0.00;0.00;-2.74;-8.90;3.54;0.00;0.00;0.00;0.00;0.00;0.00;0.00;0.00;0.00;98030.35;18.60;-0.04;0.00;E;0.00;N;0.00;0.00;0.00;0.00;0.00;0;0;0;0.00;0;0;0*
$79056;-0.01;0.02;1.01;0.00;0.00;0.00;-0.18;4.94;3.35;0.00;0.00;0.00;0.00;0.00;0.00;0.00;0.00;0.00;98026.85;18.60;-0.02;0.00;E;0.00;N;0.00;0.00;0.00;0.00;0.00;0;0;0;0.00;0;0;0*
$79156;-0.01;0.02;1.01;0.00;0.00;0.00;5.06;-2.38;2.44;0.00;0.00;0.00;0.00;0.00;0.00;0.00;0.00;0.00;98024.33;18.61;-0.00;0.00;E;0.00;N;0.00;0.00;0.00;0.00;0.00;0;0;0;0.00;0;0;0*
$79256;-0.01;0.02;1.00;0.00;0.00;0.00;-2.13;2.74;10.67;0.00;0.00;0.00;0.00;0.00;0.00;0.00;0.00;0.00;98025.25;18.61;-0.01;0.00;E;0.00;N;0.00;0.00;0.00;0.00;0.00;0;0;0;0.00;0;0;0*
$79356;-0.02;0.02;1.01;0.00;0.00;0.00;-0.18;7.20;3.17;0.00;0.00;0.00;0.00;0.00;0.00;0.00;0.00;0.00;98023.10;18.61;0.00;0.00;E;0.00;N;0.00;0.00;0.00;0.00;0.00;0;0;0;0.00;0;0;0*
$79456;-0.01;0.02;1.01;0.00;0.00;0.00;-4.09;9.21;-2.01;0.00;0.00;0.00;0.00;0.00;0.00;0.00;0.00;0.00;98023.82;18.60;-0.00;0.00;E;0.00;N;0.00;0.00;0.00;0.00;0.00;0;0;0;0.00;0;0;0*
$79556;-0.01;0.02;1.01;0.00;0.00;0.00;-1.16;14.33;-7.32;0.00;0.00;0.00;0.00;0.00;0.00;0.00;0.00;0.00;98027.15;18.60;-0.02;0.00;E;0.00;N;0.00;0.00;0.00;0.00;0.00;0;0;0;0.00;0;0;0*
$79656;-0.01;0.02;1.01;0.00;0.00;0.00;-3.11;2.13;0.67;0.00;0.00;0.00;0.00;0.00;0.00;0.00;0.00;0.00;98020.78;18.59;0.02;0.00;E;0.00;N;0.00;0.00;0.00;0.00;0.00;0;0;0;0.00;0;0;0*
$79756;-0.01;0.02;1.00;0.00;0.00;0.00;0.55;4.76;9.94;0.00;0.00;0.00;0.00;0.00;0.00;0.00;0.00;0.00;98019.14;18.59;0.03;0.00;E;0.00;N;0.00;0.00;0.00;0.00;0.00;0;0;0;0.00;0;0;0*
$79856;-0.01;0.02;1.00;0.00;0.00;0.00;2.32;-0.55;-0.18;0.00;0.00;0.00;0.00;0.00;0.00;0.00;0.00;0.00;98019.89;18.59;0.02;0.00;E;0.00;N;0.00;0.00;0.00;0.00;0.00;0;0;0;0.00;0;0;0*
$79956;-0.01;0.02;1.00;0.00;0.00;0.00;0.98;-6.65;1.04;0.00;0.00;0.00;0.00;0.00;0.00;0.00;0.00;0.00;98022.93;18.60;0.00;0.00;E;0.00;N;0.00;0.00;0.00;0.00;0.00;0;0;0;0.00;0;0;0*
$80056;-0.01;0.02;1.00;0.00;0.00;0.00;3.90;0.06;-6.83;0.00;0.00;0.00;0.00;0.00;0.00;0.00;0.00;0.00;98025.23;18.60;-0.01;0.00;E;0.00;N;0.00;0.00;0.00;0.00;0.00;0;0;0;0.00;0;0;0*
$80156;-0.02;0.02;1.00;0.00;0.00;0.00;-1.95;-1.95;1.40;0.00;0.00;0.00;0.00;0.00;0.00;0.00;0.00;0.00;98021.72;18.61;0.01;0.00;E;0.00;N;0.00;0.00;0.00;0.00;0.00;0;0;0;0.00;0;0;0*
$80256;-0.01;0.02;1.00;0.00;0.00;0.00;-5.67;-5.24;-12.13;0.00;0.00;0.00;0.00;0.00;0.00;0.00;0.00;0.00;98021.89;18.60;0.01;0.00;E;0.00;N;0.00;0.00;0.00;0.00;0.00;0;0;0;0.00;0;0;0*
$80356;-0.02;0.02;1.01;0.00;0.00;0.00;-0.98;11.46;-0.06;0.00;0.00;0.00;0.00;0.00;0.00;0.00;0.00;0.00;98018.89;18.60;0.03;0.00;E;0.00;N;0.00;0.00;0.00;0.00;0.00;0;0;0;0.00;0;0;0*
$80456;-0.00;0.01;1.00;0.00;0.00;0.00;-0.61;2.50;8.54;0.00;0.00;0.00;0.00;0.00;0.00;0.00;0.00;0.00;98020.26;18.60;0.02;0.00;E;0.00;N;0.00;0.00;0.00;0.00;0.00;0;0;0;0.00;0;0;0*
$80556;-0.01;0.02;1.01;0.00;0.00;0.00;0.18;-7.44;0.30;0.00;0.00;0.00;0.00;0.00;0.00;0.00;0.00;0.00;98026.63;18.60;-0.02;0.00;E;0.00;N;0.00;0.00;0.00;0.00;0.00;0;0;0;0.00;0;0;0*
$80656;-0.01;0.02;1.00;0.00;0.00;0.00;0.79;-1.95;-4.70;0.00;0.00;0.00;0.00;0.00;0.00;0.00;0.00;0.00;98024.13;18.60;-0.00;0.00;E;0.00;N;0.00;0.00;0.00;0.00;0.00;0;0;0;0.00;0;0;0*
$80756;-0.00;0.02;1.01;0.00;0.00;0.00;4.09;3.54;-2.01;0.00;0.00;0.00;0.00;0.00;0.00;0.00;0.00;0.00;98022.70;18.59;0.01;0.00;E;0.00;N;0.00;0.00;0.00;0.00;0.00;0;0;0;0.00;0;0;0*
$80856;-0.01;0.01;1.01;0.00;0.00;0.00;-2.93;-1.16;0.30;0.00;0.00;0.00;0.00;0.00;0.00;0.00;0.00;0.00;98024.30;18.60;-0.00;0.00;E;0.00;N;0.00;0.00;0.00;0.00;0.00;0;0;0;0.00;0;0;0*
$80956;-0.01;0.02;1.01;0.00;0.00;0.00;-3.72;3.96;1.22;0.00;0.00;0.00;0.00;0.00;0.00;0.00;0.00;0.00;98024.32;18.59;-0.00;0.00;E;0.00;N;0.00;0.00;0.00;0.00;0.00;0;0;0;0.00;0;0;0*
$81056;-0.01;0.02;1.01;0.00;0.00;0.00;-0.37;3.35;2.80;0.00;0.00;0.00;0.00;0.00;0.00;0.00;0.00;0.00;98025.57;18.60;-0.01;0.00;E;0.00;N;0.00;0.00;0.00;0.00;0.00;0;0;0;0.00;0;0;0*
$81156;0.00;0.01;1.00;0.00;0.00;0.00;1.34;-2.99;-2.38;0.00;0.00;0.00;0.00;0.00;0.00;0.00;0.00;0.00;98022.56;18.60;0.01;0.00;E;0.00;N;0.00;0.00;0.00;0.00;0.00;0;0;0;0.00;0;0;0*
$81256;-0.01;0.02;1.00;0.00;0.00;0.00;0.98;6.16;-0.73;0.00;0.00;0.00;0.00;0.00;0.00;0.00;0.00;0.00;98021.47;18.60;0.01;0.00;E;0.00;N;0.00;0.00;0.00;0.00;0.00;0;0;0;0.00;0;0;0*
$81356;-0.00;0.02;1.00;0.00;0.00;0.00;0.55;-5.85;-3.41;0.00;0.00;0.00;0.00;0.00;0.00;0.00;0.00;0.00;98024.49;18.59;-0.00;0.00;E;0.00;N;0.00;0.00;0.00;0.00;0.00;0;0;0;0.00;0;0;0*
$81456;-0.00;0.02;1.00;0.00;0.00;0.00;-1.16;1.71;-9.33;0.00;0.00;0.00;0.00;0.00;0.00;0.00;0.00;0.00;98019.30;18.58;0.02;0.00;E;0.00;N;0.00;0.00;0.00;0.00;0.00;0;0;0;0.00;0;0;0*
$81556;-0.01;0.02;1.00;0.00;0.00;0.00;-1.34;9.63;-2.68;0.00;0.00;0.00;0.00;0.00;0.00;0.00;0.00;0.00;98021.98;18.58;0.01;0.00;E;0.00;N;0.00;0.00;0.00;0.00;0.00;0;0;0;0.00;0;0;0*
$81656;-0.01;0.02;1.01;0.00;0.00;0.00;2.32;5.98;2.62;0.00;0.00;0.00;0.00;0.00;0.00;0.00;0.00;0.00;98019.32;18.58;0.02;0.00;E;0.00;N;0.00;0.00;0.00;0.00;0.00;0;0;0;0.00;0;0;0*
$81756;-0.00;0.02;1.00;0.00;0.00;0.00;-1.77;20.79;0.49;0.00;0.00;0.00;0.00;0.00;0.00;0.00;0.00;0.00;98019.64;18.57;0.02;0.00;E;0.00;N;0.00;0.00;0.00;0.00;0.00;0;0;0;0.00;0;0;0*
$81856;-0.00;0.02;1.00;0.00;0.00;0.00;1.34;9.88;3.54;0.00;0.00;0.00;0.00;0.00;0.00;0.00;0.00;0.00;98020.21;18.59;0.02;0.00;E;0.00;N;0.00;0.00;0.00;0.00;0.00;0;0;0;0.00;0;0;0*
$81956;-0.00;0.02;1.00;0.00;0.00;0.00;0.18;4.33;0.49;0.00;0.00;0.00;0.00;0.00;0.00;0.00;0.00;0.00;98021.10;18.58;0.01;0.00;E;0.00;N;0.00;0.00;0.00;0.00;0.00;0;0;0;0.00;0;0;0*
$82056;-0.00;0.02;1.00;0.00;0.00;0.00;-4.09;-11.95;-5.00;0.00;0.00;0.00;0.00;0.00;0.00;0.00;0.00;0.00;98022.54;18.59;0.01;0.00;E;0.00;N;0.00;0.00;0.00;0.00;0.00;0;0;0;0.00;0;0;0*
$82156;-0.00;0.02;1.00;0.00;0.00;0.00;2.32;-5.37;4.27;0.00;0.00;0.00;0.00;0.00;0.00;0.00;0.00;0.00;98026.29;18.60;-0.01;0.00;E;0.00;N;0.00;0.00;0.00;0.00;0.00;0;0;0;0.00;0;0;0*
$82256;-0.00;0.01;1.01;0.00;0.00;0.00;0.79;8.23;-1.10;0.00;0.00;0.00;0.00;0.00;0.00;0.00;0.00;0.00;98027.49;18.59;-0.02;0.00;E;0.00;N;0.00;0.00;0.00;0.00;0.00;0;0;0;0.00;0;0;0*
$82356;-0.00;0.02;1.01;0.00;0.00;0.00;-0.37;1.28;0.30;0.00;0.00;0.00;0.00;0.00;0.00;0.00;0.00;0.00;98025.23;18.60;-0.01;0.00;E;0.00;N;0.00;0.00;0.00;0.00;0.00;0;0;0;0.00;0;0;0*
$82456;-0.01;0.02;1.01;0.00;0.00;0.00;-2.74;11.46;-2.38;0.00;0.00;0.00;0.00;0.00;0.00;0.00;0.00;0.00;98026.47;18.60;-0.01;0.00;E;0.00;N;0.00;0.00;0.00;0.00;0.00;0;0;0;0.00;0;0;0*
$82556;-0.01;0.02;1.00;0.00;0.00;0.00;-0.79;3.29;-0.73;0.00;0.00;0.00;0.00;0.00;0.00;0.00;0.00;0.00;98026.99;18.61;-0.02;0.00;E;0.00;N;0.00;0.00;0.00;0.00;0.00;0;0;0;0.00;0;0;0*
$82656;-0.00;0.02;1.00;0.00;0.00;0.00;0.37;3.11;7.99;0.00;0.00;0.00;0.00;0.00;0.00;0.00;0.00;0.00;98023.28;18.61;0.00;0.00;E;0.00;N;0.00;0.00;0.00;0.00;0.00;0;0;0;0.00;0;0;0*
$82756;-0.00;0.01;0.99;0.00;0.00;0.00;0.98;0.30;-3.96;0.00;0.00;0.00;0.00;0.00;0.00;0.00;0.00;0.00;98022.39;18.61;0.01;0.00;E;0.00;N;0.00;0.00;0.00;0.00;0.00;0;0;0;0.00;0;0;0*
$82856;-0.00;0.02;1.00;0.00;0.00;0.00;-0.98;15.55;-0.18;0.00;0.00;0.00;0.00;0.00;0.00;0.00;0.00;0.00;98023.29;18.61;0.00;0.00;E;0.00;N;0.00;0.00;0.00;0.00;0.00;0;0;0;0.00;0;0;0*
$82956;-0.00;0.02;1.00;0.00;0.00;0.00;3.48;-0.55;0.12;0.00;0.00;0.00;0.00;0.00;0.00;0.00;0.00;0.00;98020.66;18.60;0.02;0.00;E;0.00;N;0.00;0.00;0.00;0.00;0.00;0;0;0;0.00;0;0;0*
$83056;-0.00;0.02;1.00;0.00;0.00;0.00;-3.29;1.89;10.12;0.00;0.00;0.00;0.00;0.00;0.00;0.00;0.00;0.00;98021.19;18.60;0.01;0.00;E;0.00;N;0.00;0.00;0.00;0.00;0.00;0;0;0;0.00;0;0;0*
$83156;-0.00;0.01;1.01;0.00;0.00;0.00;-3.48;-1.95;0.49;0.00;0.00;0.00;0.00;0.00;0.00;0.00;0.00;0.00;98019.88;18.59;0.02;0.00;E;0.00;N;0.00;0.00;0.00;0.00;0.00;0;0;0;0.00;0;0;0*
$83256;-0.00;0.02;1.01;0.00;0.00;0.00;-3.11;5.55;2.13;0.00;0.00;0.00;0.00;0.00;0.00;0.00;0.00;0.00;98021.62;18.59;0.01;0.00;E;0.00;N;0.00;0.00;0.00;0.00;0.00;0;0;0;0.00;0;0;0*
$83356;-0.00;0.02;1.00;0.00;0.00;0.00;-4.88;-3.60;6.04;0.00;0.00;0.00;0.00;0.00;0.00;0.00;0.00;0.00;98023.05;18.58;0.00;0.00;E;0.00;N;0.00;0.00;0.00;0.00;0.00;0;0;0;0.00;0;0;0*
$83456;-0.00;0.02;1.00;0.00;0.00;0.00;1.77;0.06;4.45;0.00;0.00;0.00;0.00;0.00;0.00;0.00;0.00;0.00;98026.05;18.58;-0.01;0.00;E;0.00;N;0.00;0.00;0.00;0.00;0.00;0;0;0;0.00;0;0;0*
$83556;-0.01;0.02;1.01;0.00;0.00;0.00;1.95;0.91;-1.65;0.00;0.00;0.00;0.00;0.00;0.00;0.00;0.00;0.00;98024.08;18.58;-0.00;0.00;E;0.00;N;0.00;0.00;0.00;0.00;0.00;0;0;0;0.00;0;0;0*
$83656;-0.00;0.01;1.01;0.00;0.00;0.00;-3.48;7.20;-8.96;0.00;0.00;0.00;0.00;0.00;0.00;0.00;0.00;0.00;98021.92;18.57;0.01;0.00;E;0.00;N;0.00;0.00;0.00;0.00;0.00;0;0;0;0.00;0;0;0*
$83756;-0.00;0.02;1.00;0.00;0.00;0.00;0.98;-0.55;3.17;0.00;0.00;0.00;0.00;0.00;0.00;0.00;0.00;0.00;98023.86;18.56;-0.00;0.00;E;0.00;N;0.00;0.00;0.00;0.00;0.00;0;0;0;0.00;0;0;0*
$83856;-0.00;0.02;1.00;0.00;0.00;0.00;0.98;6.95;3.35;0.00;0.00;0.00;0.00;0.00;0.00;0.00;0.00;0.00;98023.69;18.57;0.00;0.00;E;0.00;N;0.00;0.00;0.00;0.00;0.00;0;0;0;0.00;0;0;0*
$83956;-0.01;0.02;1.01;0.00;0.00;0.00;0.18;5.79;4.94;0.00;0.00;0.00;0.00;0.00;0.00;0.00;0.00;0.00;98026.48;18.56;-0.01;0.00;E;0.00;N;0.00;0.00;0.00;0.00;0.00;0;0;0;0.00;0;0;0*
$84056;0.00;0.02;1.00;0.00;0.00;0.00;1.95;-4.39;-2.20;0.00;0.00;0.00;0.00;0.00;0.00;0.00;0.00;0.00;98022.39;18.55;0.01;0.00;E;0.00;N;0.00;0.00;0.00;0.00;0.00;0;0;0;0.00;0;0;0*
$84156;-0.01;0.02;1.00;0.00;0.00;0.00;-1.16;9.63;9.39;0.00;0.00;0.00;0.00;0.00;0.00;0.00;0.00;0.00;98024.50;18.55;-0.00;0.00;E;0.00;N;0.00;0.00;0.00;0.00;0.00;0;0;0;0.00;0;0;0*
$84256;-0.00;0.02;1.00;0.00;0.00;0.00;-0.79;2.93;-0.91;0.00;0.00;0.00;0.00;0.00;0.00;0.00;0.00;0.00;98026.24;18.54;-0.01;0.00;E;0.00;N;0.00;0.00;0.00;0.00;0.00;0;0;0;0.00;0;0;0*
$84356;-0.00;0.02;1.00;0.00;0.00;0.00;-2.32;-6.46;-2.68;0.00;0.00;0.00;0.00;0.00;0.00;0.00;0.00;0.00;98018.64;18.54;0.03;0.00;E;0.00;N;0.00;0.00;0.00;0.00;0.00;0;0;0;0.00;0;0;0*
$84456;-0.01;0.02;1.01;0.00;0.00;0.00;-1.16;7.01;6.95;0.00;0.00;0.00;0.00;0.00;0.00;0.00;0.00;0.00;98022.47;18.53;0.01;0.00;E;0.00;N;0.00;0.00;0.00;0.00;0.00;0;0;0;0.00;0;0;0*
$84556;-0.00;0.01;1.00;0.00;0.00;0.00;3.90;-6.65;-2.01;0.00;0.00;0.00;0.00;0.00;0.00;0.00;0.00;0.00;98018.22;18.52;0.03;0.00;E;0.00;N;0.00;0.00;0.00;0.00;0.00;0;0;0;0.00;0;0;0*
$84656;0.01;0.02;1.00;0.00;0.00;0.00;1.52;0.49;-6.46;0.00;0.00;0.00;0.00;0.00;0.00;0.00;0.00;0.00;98019.63;18.52;0.02;0.00;E;0.00;N;0.00;0.00;0.00;0.00;0.00;0;0;0;0.00;0;0;0*
$84756;-0.00;0.02;1.01;0.00;0.00;0.00;-3.11;-0.30;-7.32;0.00;0.00;0.00;0.00;0.00;0.00;0.00;0.00;0.00;98022.24;18.51;0.01;0.00;E;0.00;N;0.00;0.00;0.00;0.00;0.00;0;0;0;0.00;0;0;0*
$84856;-0.00;0.01;1.00;0.00;0.00;0.00;0.98;5.98;6.95;0.00;0.00;0.00;0.00;0.00;0.00;0.00;0.00;0.00;98021.19;18.51;0.01;0.00;E;0.00;N;0.00;0.00;0.00;0.00;0.00;0;0;0;0.00;0;0;0*
$84956;-0.00;0.02;1.00;0.00;0.00;0.00;-0.98;0.30;3.35;0.00;0.00;0.00;0.00;0.00;0.00;0.00;0.00;0.00;98023.50;18.51;0.00;0.00;E;0.00;N;0.00;0.00;0.00;0.00;0.00;0;0;0;0.00;0;0;0*
$85056;-0.00;0.02;1.00;0.00;0.00;0.00;-0.61;7.20;-0.06;0.00;0.00;0.00;0.00;0.00;0.00;0.00;0.00;0.00;98021.71;18.51;0.01;0.00;E;0.00;N;0.00;0.00;0.00;0.00;0.00;0;0;0;0.00;0;0;0*
$85156;-0.00;0.02;1.01;0.00;0.00;0.00;1.77;-2.99;-10.73;0.00;0.00;0.00;0.00;0.00;0.00;0.00;0.00;0.00;98016.92;18.50;0.04;0.00;E;0.00;N;0.00;0.00;0.00;0.00;0.00;0;0;0;0.00;0;0;0*
$85256;-0.00;0.02;1.00;0.00;0.00;0.00;0.18;-0.73;-2.38;0.00;0.00;0.00;0.00;0.00;0.00;0.00;0.00;0.00;98013.35;18.50;0.06;0.00;E;0.00;N;0.00;0.00;0.00;0.00;0.00;0;0;0;0.00;0;0;0*
$85356;-0.01;0.02;1.01;0.00;0.00;0.00;-0.79;1.10;-0.37;0.00;0.00;0.00;0.00;0.00;0.00;0.00;0.00;0.00;98018.96;18.49;0.03;0.00;E;0.00;N;0.00;0.00;0.00;0.00;0.00;0;0;0;0.00;0;0;0*
$85456;-0.00;0.02;1.01;0.00;0.00;0.00;0.55;9.70;-1.83;0.00;0.00;0.00;0.00;0.00;0.00;0.00;0.00;0.00;98025.14;18.49;-0.01;0.00;E;0.00;N;0.00;0.00;0.00;0.00;0.00;0;0;0;0.00;0;0;0*
$85556;-0.01;0.02;1.01;0.00;0.00;0.00;-0.98;-1.52;0.49;0.00;0.00;0.00;0.00;0.00;0.00;0.00;0.00;0.00;98021.60;18.48;0.01;0.00;E;0.00;N;0.00;0.00;0.00;0.00;0.00;0;0;0;0.00;0;0;0*
$85656;-0.00;0.02;1.01;0.00;0.00;0.00;-1.95;-7.80;7.80;0.00;0.00;0.00;0.00;0.00;0.00;0.00;0.00;0.00;98015.60;18.48;0.05;0.00;E;0.00;N;0.00;0.00;0.00;0.00;0.00;0;0;0;0.00;0;0;0*
$85756;-0.00;0.01;1.00;0.00;0.00;0.00;0.98;2.32;-3.78;0.00;0.00;0.00;0.00;0.00;0.00;0.00;0.00;0.00;98018.18;18.47;0.03;0.00;E;0.00;N;0.00;0.00;0.00;0.00;0.00;0;0;0;0.00;0;0;0*
$85856;-0.01;0.02;1.01;0.00;0.00;0.00;2.32;3.54;-7.32;0.00;0.00;0.00;0.00;0.00;0.00;0.00;0.00;0.00;98018.92;18.48;0.03;0.00;E;0.00;N;0.00;0.00;0.00;0.00;0.00;0;0;0;0.00;0;0;0*
$85956;-0.00;0.01;1.00;0.00;0.00;0.00;-0.61;-6.46;1.04;0.00;0.00;0.00;0.00;0.00;0.00;0.00;0.00;0.00;98019.46;18.48;0.02;0.00;E;0.00;N;0.00;0.00;0.00;0.00;0.00;0;0;0;0.00;0;0;0*
$86056;-0.00;0.02;1.00;0.00;0.00;0.00;-2.32;2.50;-1.65;0.00;0.00;0.00;0.00;0.00;0.00;0.00;0.00;0.00;98020.89;18.48;0.02;0.00;E;0.00;N;0.00;0.00;0.00;0.00;0.00;0;0;0;0.00;0;0;0*
$86156;-0.01;0.02;1.01;0.00;0.00;0.00;-0.61;0.73;-2.20;0.00;0.00;0.00;0.00;0.00;0.00;0.00;0.00;0.00;98020.00;18.48;0.02;0.00;E;0.00;N;0.00;0.00;0.00;0.00;0.00;0;0;0;0.00;0;0;0*
$86256;-0.00;0.02;1.00;0.00;0.00;0.00;1.77;0.06;-2.20;0.00;0.00;0.00;0.00;0.00;0.00;0.00;0.00;0.00;98020.16;18.48;0.02;0.00;E;0.00;N;0.00;0.00;0.00;0.00;0.00;0;0;0;0.00;0;0;0*
$86356;-0.01;0.01;1.00;0.00;0.00;0.00;0.18;2.50;-16.10;0.00;0.00;0.00;0.00;0.00;0.00;0.00;0.00;0.00;98019.66;18.48;0.02;0.00;E;0.00;N;0.00;0.00;0.00;0.00;0.00;0;0;0;0.00;0;0;0*
$86456;-0.00;0.01;1.01;0.00;0.00;0.00;0.98;2.38;3.35;0.00;0.00;0.00;0.00;0.00;0.00;0.00;0.00;0.00;98025.64;18.48;-0.01;0.00;E;0.00;N;0.00;0.00;0.00;0.00;0.00;0;0;0;0.00;0;0;0*
$86556;-0.00;0.02;1.00;0.00;0.00;0.00;2.50;8.48;5.12;0.00;0.00;0.00;0.00;0.00;0.00;0.00;0.00;0.00;98026.02;18.48;-0.01;0.00;E;0.00;N;0.00;0.00;0.00;0.00;0.00;0;0;0;0.00;0;0;0*
$86656;-0.00;0.01;1.00;0.00;0.00;0.00;0.98;-7.26;1.59;0.00;0.00;0.00;0.00;0.00;0.00;0.00;0.00;0.00;98022.96;18.46;0.00;0.00;E;0.00;N;0.00;0.00;0.00;0.00;0.00;0;0;0;0.00;0;0;0*
$86756;-0.01;0.02;1.00;0.00;0.00;0.00;0.18;-1.95;2.62;0.00;0.00;0.00;0.00;0.00;0.00;0.00;0.00;0.00;98023.42;18.45;0.00;0.00;E;0.00;N;0.00;0.00;0.00;0.00;0.00;0;0;0;0.00;0;0;0*
$86856;-0.01;0.01;1.01;0.00;0.00;0.00;2.74;-7.87;4.27;0.00;0.00;0.00;0.00;0.00;0.00;0.00;0.00;0.00;98025.54;18.45;-0.01;0.00;E;0.00;N;0.00;0.00;0.00;0.00;0.00;0;0;0;0.00;0;0;0*
$86956;-0.01;0.02;1.00;0.00;0.00;0.00;-1.16;2.32;-5.91;0.00;0.00;0.00;0.00;0.00;0.00;0.00;0.00;0.00;98023.53;18.44;0.00;0.00;E;0.00;N;0.00;0.00;0.00;0.00;0.00;0;0;0;0.00;0;0;0*
$87056;-0.01;0.02;1.00;0.00;0.00;0.00;-2.32;8.23;8.35;0.00;0.00;0.00;0.00;0.00;0.00;0.00;0.00;0.00;98020.70;18.43;0.02;0.00;E;0.00;N;0.00;0.00;0.00;0.00;0.00;0;0;0;0.00;0;0;0*
$87156;-0.01;0.02;1.00;0.00;0.00;0.00;-0.98;4.82;-4.70;0.00;0.00;0.00;0.00;0.00;0.00;0.00;0.00;0.00;98021.02;18.42;0.02;0.00;E;0.00;N;0.00;0.00;0.00;0.00;0.00;0;0;0;0.00;0;0;0*
$87256;-0.01;0.01;1.01;0.00;0.00;0.00;-2.93;13.17;-0.73;0.00;0.00;0.00;0.00;0.00;0.00;0.00;0.00;0.00;98021.50;18.41;0.01;0.00;E;0.00;N;0.00;0.00;0.00;0.00;0.00;0;0;0;0.00;0;0;0*
$87356;0.00;0.02;1.00;0.00;0.00;0.00;-2.13;-0.30;9.76;0.00;0.00;0.00;0.00;0.00;0.00;0.00;0.00;0.00;98023.82;18.41;-0.00;0.00;E;0.00;N;0.00;0.00;0.00;0.00;0.00;0;0;0;0.00;0;0;0*
$87456;-0.00;0.01;1.00;0.00;0.00;0.00;3.66;-4.82;-0.18;0.00;0.00;0.00;0.00;0.00;0.00;0.00;0.00;0.00;98025.07;18.41;-0.01;0.00;E;0.00;N;0.00;0.00;0.00;0.00;0.00;0;0;0;0.00;0;0;0*
$87556;-0.01;0.02;1.00;0.00;0.00;0.00;0.37;1.34;-0.06;0.00;0.00;0.00;0.00;0.00;0.00;0.00;0.00;0.00;98022.42;18.41;0.01;0.00;E;0.00;N;0.00;0.00;0.00;0.00;0.00;0;0;0;0.00;0;0;0*
$87656;-0.00;0.01;1.00;0.00;0.00;0.00;2.32;-2.56;1.04;0.00;0.00;0.00;0.00;0.00;0.00;0.00;0.00;0.00;98020.28;18.41;0.02;0.00;E;0.00;N;0.00;0.00;0.00;0.00;0.00;0;0;0;0.00;0;0;0*
$87756;-0.00;0.02;1.00;0.00;0.00;0.00;1.34;4.82;-2.38;0.00;0.00;0.00;0.00;0.00;0.00;0.00;0.00;0.00;98021.69;18.41;0.01;0.00;E;0.00;N;0.00;0.00;0.00;0.00;0.00;0;0;0;0.00;0;0;0*
$87856;-0.00;0.02;1.01;0.00;0.00;0.00;0.98;-2.56;-6.28;0.00;0.00;0.00;0.00;0.00;0.00;0.00;0.00;0.00;98020.81;18.41;0.02;0.00;E;0.00;N;0.00;0.00;0.00;0.00;0.00;0;0;0;0.00;0;0;0*
$87956;-0.00;0.02;1.00;0.00;0.00;0.00;1.77;4.39;9.09;0.00;0.00;0.00;0.00;0.00;0.00;0.00;0.00;0.00;98018.71;18.41;0.03;0.00;E;0.00;N;0.00;0.00;0.00;0.00;0.00;0;0;0;0.00;0;0;0*
$88056;-0.01;0.02;1.01;0.00;0.00;0.00;-2.13;-2.93;-2.20;0.00;0.00;0.00;0.00;0.00;0.00;0.00;0.00;0.00;98021.38;18.42;0.01;0.00;E;0.00;N;0.00;0.00;0.00;0.00;0.00;0;0;0;0.00;0;0;0*
$88156;0.00;0.01;1.01;0.00;0.00;0.00;2.93;4.94;6.40;0.00;0.00;0.00;0.00;0.00;0.00;0.00;0.00;0.00;98021.70;18.42;0.01;0.00;E;0.00;N;0.00;0.00;0.00;0.00;0.00;0;0;0;0.00;0;0;0*
$88956;-0.00;0.01;1.01;0.00;0.00;0.00;2.32;6.40;1.59;0.00;0.00;0.00;0.00;0.00;0.00;0.00;0.00;0.00;98027.19;18.41;-0.02;0.00;E;0.00;N;0.00;0.00;0.00;0.00;0.00;0;0;0;0.00;0;0;0*
$89056;-0.01;0.01;1.00;0.00;0.00;0.00;-2.74;7.01;1.95;0.00;0.00;0.00;0.00;0.00;0.00;0.00;0.00;0.00;98025.75;18.41;-0.01;0.00;E;0.00;N;0.00;0.00;0.00;0.00;0.00;0;0;0;0.00;0;0;0*
$89156;-0.01;0.02;1.00;0.00;0.00;0.00;3.90;9.09;1.77;0.00;0.00;0.00;0.00;0.00;0.00;0.00;0.00;0.00;98029.46;18.41;-0.03;0.00;E;0.00;N;0.00;0.00;0.00;0.00;0.00;0;0;0;0.00;0;0;0*
$89256;-0.00;0.01;1.00;0.00;0.00;0.00;-5.85;-3.96;3.17;0.00;0.00;0.00;0.00;0.00;0.00;0.00;0.00;0.00;98030.72;18.41;-0.04;0.00;E;0.00;N;0.00;0.00;0.00;0.00;0.00;0;0;0;0.00;0;0;0*
$89356;-0.01;0.01;1.00;0.00;0.00;0.00;-2.56;-2.13;-7.87;0.00;0.00;0.00;0.00;0.00;0.00;0.00;0.00;0.00;98031.42;18.41;-0.04;0.00;E;0.00;N;0.00;0.00;0.00;0.00;0.00;0;0;0;0.00;0;0;0*
$89456;0.00;0.02;1.00;0.00;0.00;0.00;3.66;7.62;6.95;0.00;0.00;0.00;0.00;0.00;0.00;0.00;0.00;0.00;98032.63;18.41;-0.05;0.00;E;0.00;N;0.00;0.00;0.00;0.00;0.00;0;0;0;0.00;0;0;0*
$89556;-0.00;0.02;1.01;0.00;0.00;0.00;-2.56;-3.35;6.40;0.00;0.00;0.00;0.00;0.00;0.00;0.00;0.00;0.00;98025.92;18.41;-0.01;0.00;E;0.00;N;0.00;0.00;0.00;0.00;0.00;0;0;0;0.00;0;0;0*
$89656;-0.01;0.02;1.00;0.00;0.00;0.00;3.66;4.21;-1.46;0.00;0.00;0.00;0.00;0.00;0.00;0.00;0.00;0.00;98029.13;18.41;-0.03;0.00;E;0.00;N;0.00;0.00;0.00;0.00;0.00;0;0;0;0.00;0;0;0*
$89756;-0.01;0.02;1.00;0.00;0.00;0.00;-3.48;2.74;-5.00;0.00;0.00;0.00;0.00;0.00;0.00;0.00;0.00;0.00;98026.77;18.40;-0.02;0.00;E;0.00;N;0.00;0.00;0.00;0.00;0.00;0;0;0;0.00;0;0;0*
$89856;-0.00;0.01;1.00;0.00;0.00;0.00;-0.18;-11.10;6.04;0.00;0.00;0.00;0.00;0.00;0.00;0.00;0.00;0.00;98031.59;18.41;-0.04;0.00;E;0.00;N;0.00;0.00;0.00;0.00;0.00;0;0;0;0.00;0;0;0*
$89956;-0.01;0.02;1.00;0.00;0.00;0.00;0.37;-2.13;0.85;0.00;0.00;0.00;0.00;0.00;0.00;0.00;0.00;0.00;98030.13;18.40;-0.03;0.00;E;0.00;N;0.00;0.00;0.00;0.00;0.00;0;0;0;0.00;0;0;0*
$90056;-0.01;0.02;1.00;0.00;0.00;0.00;0.18;2.99;-1.10;0.00;0.00;0.00;0.00;0.00;0.00;0.00;0.00;0.00;98026.82;18.41;-0.02;0.00;E;0.00;N;0.00;0.00;0.00;0.00;0.00;0;0;0;0.00;0;0;0*
$90156;-0.00;0.01;1.00;0.00;0.00;0.00;-0.37;15.98;2.13;0.00;0.00;0.00;0.00;0.00;0.00;0.00;0.00;0.00;98026.97;18.41;-0.02;0.00;E;0.00;N;0.00;0.00;0.00;0.00;0.00;0;0;0;0.00;0;0;0*
$90256;-0.01;0.01;1.00;0.00;0.00;0.00;-2.32;3.96;-7.87;0.00;0.00;0.00;0.00;0.00;0.00;0.00;0.00;0.00;98028.77;18.41;-0.03;0.00;E;0.00;N;0.00;0.00;0.00;0.00;0.00;0;0;0;0.00;0;0;0*
$90356;-0.01;0.01;1.00;0.00;0.00;0.00;-0.61;5.00;-6.10;0.00;0.00;0.00;0.00;0.00;0.00;0.00;0.00;0.00;98028.78;18.41;-0.03;0.00;E;0.00;N;0.00;0.00;0.00;0.00;0.00;0;0;0;0.00;0;0;0*
$90456;-0.00;0.01;1.01;0.00;0.00;0.00;-6.22;-4.39;-7.01;0.00;0.00;0.00;0.00;0.00;0.00;0.00;0.00;0.00;98031.41;18.41;-0.04;0.00;E;0.00;N;0.00;0.00;0.00;0.00;0.00;0;0;0;0.00;0;0;0*
$90556;0.00;0.01;1.00;0.00;0.00;0.00;-2.56;-1.52;3.17;0.00;0.00;0.00;0.00;0.00;0.00;0.00;0.00;0.00;98030.86;18.41;-0.04;0.00;E;0.00;N;0.00;0.00;0.00;0.00;0.00;0;0;0;0.00;0;0;0*
$90656;-0.01;0.02;1.01;0.00;0.00;0.00;2.74;3.17;2.13;0.00;0.00;0.00;0.00;0.00;0.00;0.00;0.00;0.00;98030.17;18.41;-0.04;0.00;E;0.00;N;0.00;0.00;0.00;0.00;0.00;0;0;0;0.00;0;0;0*
$90756;-0.00;0.02;1.00;0.00;0.00;0.00;0.79;14.39;-0.18;0.00;0.00;0.00;0.00;0.00;0.00;0.00;0.00;0.00;98032.27;18.41;-0.05;0.00;E;0.00;N;0.00;0.00;0.00;0.00;0.00;0;0;0;0.00;0;0;0*
$90856;-0.00;0.02;1.00;0.00;0.00;0.00;0.37;6.16;7.99;0.00;0.00;0.00;0.00;0.00;0.00;0.00;0.00;0.00;98034.77;18.41;-0.06;0.00;E;0.00;N;0.00;0.00;0.00;0.00;0.00;0;0;0;0.00;0;0;0*
$90956;-0.01;0.02;1.00;0.00;0.00;0.00;3.48;6.77;-0.73;0.00;0.00;0.00;0.00;0.00;0.00;0.00;0.00;0.00;98036.16;18.41;-0.07;0.00;E;0.00;N;0.00;0.00;0.00;0.00;0.00;0;0;0;0.00;0;0;0*
$91056;-0.01;0.01;1.01;0.00;0.00;0.00;-3.90;10.30;3.90;0.00;0.00;0.00;0.00;0.00;0.00;0.00;0.00;0.00;98029.84;18.41;-0.03;0.00;E;0.00;N;0.00;0.00;0.00;0.00;0.00;0;0;0;0.00;0;0;0*
$91156;-0.01;0.02;1.01;0.00;0.00;0.00;-0.37;7.01;-5.55;0.00;0.00;0.00;0.00;0.00;0.00;0.00;0.00;0.00;98033.69;18.41;-0.05;0.00;E;0.00;N;0.00;0.00;0.00;0.00;0.00;0;0;0;0.00;0;0;0*
$91256;-0.00;0.02;1.00;0.00;0.00;0.00;-1.16;-7.01;4.27;0.00;0.00;0.00;0.00;0.00;0.00;0.00;0.00;0.00;98030.52;18.41;-0.04;0.00;E;0.00;N;0.00;0.00;0.00;0.00;0.00;0;0;0;0.00;0;0;0*
$91356;-0.00;0.01;1.01;0.00;0.00;0.00;-0.98;-1.77;12.44;0.00;0.00;0.00;0.00;0.00;0.00;0.00;0.00;0.00;98033.88;18.41;-0.06;0.00;E;0.00;N;0.00;0.00;0.00;0.00;0.00;0;0;0;0.00;0;0;0*
$91456;-0.01;0.02;1.00;0.00;0.00;0.00;3.48;-2.13;-4.15;0.00;0.00;0.00;0.00;0.00;0.00;0.00;0.00;0.00;98034.75;18.41;-0.06;0.00;E;0.00;N;0.00;0.00;0.00;0.00;0.00;0;0;0;0.00;0;0;0*
$91556;-0.00;0.02;1.00;0.00;0.00;0.00;-0.18;-1.16;6.77;0.00;0.00;0.00;0.00;0.00;0.00;0.00;0.00;0.00;98033.00;18.41;-0.05;0.00;E;0.00;N;0.00;0.00;0.00;0.00;0.00;0;0;0;0.00;0;0;0*
$91656;-0.00;0.01;1.00;0.00;0.00;0.00;1.16;6.40;4.09;0.00;0.00;0.00;0.00;0.00;0.00;0.00;0.00;0.00;98034.61;18.41;-0.06;0.00;E;0.00;N;0.00;0.00;0.00;0.00;0.00;0;0;0;0.00;0;0;0*
$91756;-0.01;0.02;1.00;0.00;0.00;0.00;-3.48;4.39;10.30;0.00;0.00;0.00;0.00;0.00;0.00;0.00;0.00;0.00;98037.53;18.40;-0.08;0.00;E;0.00;N;0.00;0.00;0.00;0.00;0.00;0;0;0;0.00;0;0;0*
$91856;-0.00;0.02;1.00;0.00;0.00;0.00;-3.48;5.61;2.62;0.00;0.00;0.00;0.00;0.00;0.00;0.00;0.00;0.00;98037.42;18.41;-0.07;0.00;E;0.00;N;0.00;0.00;0.00;0.00;0.00;0;0;0;0.00;0;0;0*
$91956;-0.01;0.02;1.00;0.00;0.00;0.00;1.34;-1.10;0.85;0.00;0.00;0.00;0.00;0.00;0.00;0.00;0.00;0.00;98033.13;18.40;-0.05;0.00;E;0.00;N;0.00;0.00;0.00;0.00;0.00;0;0;0;0.00;0;0;0*
$92056;-0.01;0.02;1.00;0.00;0.00;0.00;3.48;9.70;-7.50;0.00;0.00;0.00;0.00;0.00;0.00;0.00;0.00;0.00;98033.86;18.41;-0.06;0.00;E;0.00;N;0.00;0.00;0.00;0.00;0.00;0;0;0;0.00;0;0;0*
$92156;-0.01;0.02;1.00;0.00;0.00;0.00;-0.37;-0.91;6.59;0.00;0.00;0.00;0.00;0.00;0.00;0.00;0.00;0.00;98033.88;18.41;-0.06;0.00;E;0.00;N;0.00;0.00;0.00;0.00;0.00;0;0;0;0.00;0;0;0*
$92256;-0.01;0.01;1.01;0.00;0.00;0.00;-1.34;6.22;2.80;0.00;0.00;0.00;0.00;0.00;0.00;0.00;0.00;0.00;98034.08;18.41;-0.06;0.00;E;0.00;N;0.00;0.00;0.00;0.00;0.00;0;0;0;0.00;0;0;0*
$92356;-0.00;0.02;1.00;0.00;0.00;0.00;0.55;0.06;-1.10;0.00;0.00;0.00;0.00;0.00;0.00;0.00;0.00;0.00;98031.23;18.41;-0.04;0.00;E;0.00;N;0.00;0.00;0.00;0.00;0.00;0;0;0;0.00;0;0;0*
$92456;-0.00;0.02;1.01;0.00;0.00;0.00;0.98;2.32;4.27;0.00;0.00;0.00;0.00;0.00;0.00;0.00;0.00;0.00;98032.32;18.42;-0.05;0.00;E;0.00;N;0.00;0.00;0.00;0.00;0.00;0;0;0;0.00;0;0;0*
$92556;-0.01;0.01;1.00;0.00;0.00;0.00;-4.45;5.18;7.99;0.00;0.00;0.00;0.00;0.00;0.00;0.00;0.00;0.00;98030.57;18.42;-0.04;0.00;E;0.00;N;0.00;0.00;0.00;0.00;0.00;0;0;0;0.00;0;0;0*
$92656;-0.01;0.01;1.00;0.00;0.00;0.00;-0.98;6.04;4.27;0.00;0.00;0.00;0.00;0.00;0.00;0.00;0.00;0.00;98033.53;18.42;-0.05;0.00;E;0.00;N;0.00;0.00;0.00;0.00;0.00;0;0;0;0.00;0;0;0*
$92756;-0.01;0.01;1.00;0.00;0.00;0.00;2.50;0.73;-7.32;0.00;0.00;0.00;0.00;0.00;0.00;0.00;0.00;0.00;98036.20;18.41;-0.07;0.00;E;0.00;N;0.00;0.00;0.00;0.00;0.00;0;0;0;0.00;0;0;0*
$92856;-0.00;0.01;1.00;0.00;0.00;0.00;-0.18;-1.77;2.44;0.00;0.00;0.00;0.00;0.00;0.00;0.00;0.00;0.00;98036.34;18.41;-0.07;0.00;E;0.00;N;0.00;0.00;0.00;0.00;0.00;0;0;0;0.00;0;0;0*
$92956;-0.00;0.01;1.00;0.00;0.00;0.00;0.79;-7.62;-4.70;0.00;0.00;0.00;0.00;0.00;0.00;0.00;0.00;0.00;98036.75;18.42;-0.07;0.00;E;0.00;N;0.00;0.00;0.00;0.00;0.00;0;0;0;0.00;0;0;0*
$93056;-0.00;0.02;1.00;0.00;0.00;0.00;1.34;4.94;-1.65;0.00;0.00;0.00;0.00;0.00;0.00;0.00;0.00;0.00;98036.58;18.42;-0.07;0.00;E;0.00;N;0.00;0.00;0.00;0.00;0.00;0;0;0;0.00;0;0;0*
$93156;-0.01;0.02;1.00;0.00;0.00;0.00;1.34;0.49;-5.73;0.00;0.00;0.00;0.00;0.00;0.00;0.00;0.00;0.00;98032.85;18.42;-0.05;0.00;E;0.00;N;0.00;0.00;0.00;0.00;0.00;0;0;0;0.00;0;0;0*
$93256;-0.01;0.02;1.00;0.00;0.00;0.00;3.11;8.48;-9.33;0.00;0.00;0.00;0.00;0.00;0.00;0.00;0.00;0.00;98031.60;18.42;-0.04;0.00;E;0.00;N;0.00;0.00;0.00;0.00;0.00;0;0;0;0.00;0;0;0*
$93356;-0.01;0.02;1.00;0.00;0.00;0.00;-0.37;-1.16;11.71;0.00;0.00;0.00;0.00;0.00;0.00;0.00;0.00;0.00;98035.10;18.41;-0.06;0.00;E;0.00;N;0.00;0.00;0.00;0.00;0.00;0;0;0;0.00;0;0;0*
$93456;-0.01;0.02;1.01;0.00;0.00;0.00;2.32;-0.73;3.17;0.00;0.00;0.00;0.00;0.00;0.00;0.00;0.00;0.00;98033.90;18.41;-0.06;0.00;E;0.00;N;0.00;0.00;0.00;0.00;0.00;0;0;0;0.00;0;0;0*
$93556;-0.01;0.02;1.00;0.00;0.00;0.00;-0.79;-4.76;4.27;0.00;0.00;0.00;0.00;0.00;0.00;0.00;0.00;0.00;98035.14;18.41;-0.06;0.00;E;0.00;N;0.00;0.00;0.00;0.00;0.00;0;0;0;0.00;0;0;0*
$93656;-0.01;0.01;1.01;0.00;0.00;0.00;-0.37;-3.78;0.30;0.00;0.00;0.00;0.00;0.00;0.00;0.00;0.00;0.00;98032.64;18.41;-0.05;0.00;E;0.00;N;0.00;0.00;0.00;0.00;0.00;0;0;0;0.00;0;0;0*
$93756;-0.01;0.01;1.00;0.00;0.00;0.00;5.06;9.45;-0.06;0.00;0.00;0.00;0.00;0.00;0.00;0.00;0.00;0.00;98036.14;18.40;-0.07;0.00;E;0.00;N;0.00;0.00;0.00;0.00;0.00;0;0;0;0.00;0;0;0*
$93856;-0.00;0.02;1.01;0.00;0.00;0.00;-0.18;-0.12;-0.18;0.00;0.00;0.00;0.00;0.00;0.00;0.00;0.00;0.00;98035.64;18.41;-0.07;0.00;E;0.00;N;0.00;0.00;0.00;0.00;0.00;0;0;0;0.00;0;0;0*
$93956;-0.01;0.02;1.00;0.00;0.00;0.00;4.09;-1.71;0.67;0.00;0.00;0.00;0.00;0.00;0.00;0.00;0.00;0.00;98038.28;18.41;-0.08;0.00;E;0.00;N;0.00;0.00;0.00;0.00;0.00;0;0;0;0.00;0;0;0*
$94056;-0.00;0.01;1.00;0.00;0.00;0.00;-0.18;1.52;4.45;0.00;0.00;0.00;0.00;0.00;0.00;0.00;0.00;0.00;98033.90;18.41;-0.06;0.00;E;0.00;N;0.00;0.00;0.00;0.00;0.00;0;0;0;0.00;0;0;0*
$94156;-0.01;0.01;1.00;0.00;0.00;0.00;4.27;-7.01;-0.73;0.00;0.00;0.00;0.00;0.00;0.00;0.00;0.00;0.00;98030.86;18.41;-0.04;0.00;E;0.00;N;0.00;0.00;0.00;0.00;0.00;0;0;0;0.00;0;0;0*
$94256;0.00;0.02;1.00;0.00;0.00;0.00;0.37;-1.34;-0.18;0.00;0.00;0.00;0.00;0.00;0.00;0.00;0.00;0.00;98036.72;18.42;-0.07;0.00;E;0.00;N;0.00;0.00;0.00;0.00;0.00;0;0;0;0.00;0;0;0*
$94356;-0.00;0.01;1.00;0.00;0.00;0.00;-2.13;1.52;8.54;0.00;0.00;0.00;0.00;0.00;0.00;0.00;0.00;0.00;98032.12;18.42;-0.05;0.00;E;0.00;N;0.00;0.00;0.00;0.00;0.00;0;0;0;0.00;0;0;0*
$94456;-0.00;0.01;1.00;0.00;0.00;0.00;-1.77;-2.74;6.22;0.00;0.00;0.00;0.00;0.00;0.00;0.00;0.00;0.00;98035.17;18.42;-0.06;0.00;E;0.00;N;0.00;0.00;0.00;0.00;0.00;0;0;0;0.00;0;0;0*
$94556;-0.00;0.02;1.01;0.00;0.00;0.00;0.00;1.71;2.99;0.00;0.00;0.00;0.00;0.00;0.00;0.00;0.00;0.00;98034.28;18.42;-0.06;0.00;E;0.00;N;0.00;0.00;0.00;0.00;0.00;0;0;0;0.00;0;0;0*
$94656;-0.00;0.01;1.00;0.00;0.00;0.00;2.50;4.94;-2.87;0.00;0.00;0.00;0.00;0.00;0.00;0.00;0.00;0.00;98031.46;18.42;-0.04;0.00;E;0.00;N;0.00;0.00;0.00;0.00;0.00;0;0;0;0.00;0;0;0*
$94756;-0.00;0.01;1.00;0.00;0.00;0.00;1.95;10.30;-7.01;0.00;0.00;0.00;0.00;0.00;0.00;0.00;0.00;0.00;98034.11;18.42;-0.06;0.00;E;0.00;N;0.00;0.00;0.00;0.00;0.00;0;0;0;0.00;0;0;0*
$94856;-0.01;0.02;1.00;0.00;0.00;0.00;0.18;7.01;5.49;0.00;0.00;0.00;0.00;0.00;0.00;0.00;0.00;0.00;98034.52;18.44;-0.06;0.00;E;0.00;N;0.00;0.00;0.00;0.00;0.00;0;0;0;0.00;0;0;0*
$94956;0.00;0.02;1.01;0.00;0.00;0.00;2.32;1.10;-2.68;0.00;0.00;0.00;0.00;0.00;0.00;0.00;0.00;0.00;98035.19;18.44;-0.06;0.00;E;0.00;N;0.00;0.00;0.00;0.00;0.00;0;0;0;0.00;0;0;0*
$95056;0.00;0.02;1.00;0.00;0.00;0.00;0.18;6.65;-1.10;0.00;0.00;0.00;0.00;0.00;0.00;0.00;0.00;0.00;98031.67;18.44;-0.04;0.00;E;0.00;N;0.00;0.00;0.00;0.00;0.00;0;0;0;0.00;0;0;0*
$95156;-0.00;0.02;1.01;0.00;0.00;0.00;-0.61;-3.41;10.49;0.00;0.00;0.00;0.00;0.00;0.00;0.00;0.00;0.00;98030.11;18.44;-0.03;0.00;E;0.00;N;0.00;0.00;0.00;0.00;0.00;0;0;0;0.00;0;0;0*
$95256;-0.00;0.02;1.00;0.00;0.00;0.00;2.32;2.93;-8.41;0.00;0.00;0.00;0.00;0.00;0.00;0.00;0.00;0.00;98034.02;18.45;-0.06;0.00;E;0.00;N;0.00;0.00;0.00;0.00;0.00;0;0;0;0.00;0;0;0*
$95356;-0.00;0.02;1.00;0.00;0.00;0.00;0.18;-4.21;1.77;0.00;0.00;0.00;0.00;0.00;0.00;0.00;0.00;0.00;98033.00;18.45;-0.05;0.00;E;0.00;N;0.00;0.00;0.00;0.00;0.00;0;0;0;0.00;0;0;0*
$95456;-0.01;0.02;1.01;0.00;0.00;0.00;-1.95;4.33;-0.18;0.00;0.00;0.00;0.00;0.00;0.00;0.00;0.00;0.00;98032.81;18.45;-0.05;0.00;E;0.00;N;0.00;0.00;0.00;0.00;0.00;0;0;0;0.00;0;0;0*
$95556;-0.00;0.01;1.00;0.00;0.00;0.00;-0.98;-4.15;-0.37;0.00;0.00;0.00;0.00;0.00;0.00;0.00;0.00;0.00;98039.00;18.46;-0.08;0.00;E;0.00;N;0.00;0.00;0.00;0.00;0.00;0;0;0;0.00;0;0;0*
$95656;-0.01;0.02;1.00;0.00;0.00;0.00;4.45;-3.78;9.27;0.00;0.00;0.00;0.00;0.00;0.00;0.00;0.00;0.00;98037.05;18.46;-0.07;0.00;E;0.00;N;0.00;0.00;0.00;0.00;0.00;0;0;0;0.00;0;0;0*
$95756;-0.00;0.02;1.00;0.00;0.00;0.00;1.34;0.73;-0.18;0.00;0.00;0.00;0.00;0.00;0.00;0.00;0.00;0.00;98032.10;18.45;-0.05;0.00;E;0.00;N;0.00;0.00;0.00;0.00;0.00;0;0;0;0.00;0;0;0*
$95856;-0.00;0.01;1.00;0.00;0.00;0.00;-0.79;9.09;-7.01;0.00;0.00;0.00;0.00;0.00;0.00;0.00;0.00;0.00;98036.35;18.46;-0.07;0.00;E;0.00;N;0.00;0.00;0.00;0.00;0.00;0;0;0;0.00;0;0;0*
$95956;-0.00;0.02;1.00;0.00;0.00;0.00;-2.93;1.34;-2.38;0.00;0.00;0.00;0.00;0.00;0.00;0.00;0.00;0.00;98034.60;18.46;-0.06;0.00;E;0.00;N;0.00;0.00;0.00;0.00;0.00;0;0;0;0.00;0;0;0*
$96056;-0.01;0.01;1.00;0.00;0.00;0.00;-3.29;1.28;-5.73;0.00;0.00;0.00;0.00;0.00;0.00;0.00;0.00;0.00;98037.25;18.46;-0.07;0.00;E;0.00;N;0.00;0.00;0.00;0.00;0.00;0;0;0;0.00;0;0;0*
$96156;-0.00;0.02;1.01;0.00;0.00;0.00;1.34;0.49;1.95;0.00;0.00;0.00;0.00;0.00;0.00;0.00;0.00;0.00;98032.85;18.47;-0.05;0.00;E;0.00;N;0.00;0.00;0.00;0.00;0.00;0;0;0;0.00;0;0;0*
$96256;-0.01;0.02;1.01;0.00;0.00;0.00;-1.34;-1.10;12.62;0.00;0.00;0.00;0.00;0.00;0.00;0.00;0.00;0.00;98030.02;18.47;-0.03;0.00;E;0.00;N;0.00;0.00;0.00;0.00;0.00;0;0;0;0.00;0;0;0*
$96356;-0.01;0.01;1.01;0.00;0.00;0.00;-1.95;0.91;-6.46;0.00;0.00;0.00;0.00;0.00;0.00;0.00;0.00;0.00;98027.56;18.46;-0.02;0.00;E;0.00;N;0.00;0.00;0.00;0.00;0.00;0;0;0;0.00;0;0;0*
$96456;-0.01;0.02;1.00;0.00;0.00;0.00;-0.98;-8.66;6.95;0.00;0.00;0.00;0.00;0.00;0.00;0.00;0.00;0.00;98035.54;18.47;-0.06;0.00;E;0.00;N;0.00;0.00;0.00;0.00;0.00;0;0;0;0.00;0;0;0*
$96556;-0.01;0.01;1.00;0.00;0.00;0.00;3.11;-10.73;10.67;0.00;0.00;0.00;0.00;0.00;0.00;0.00;0.00;0.00;98034.61;18.47;-0.06;0.00;E;0.00;N;0.00;0.00;0.00;0.00;0.00;0;0;0;0.00;0;0;0*
$96656;-0.01;0.01;1.01;0.00;0.00;0.00;2.93;4.21;-6.83;0.00;0.00;0.00;0.00;0.00;0.00;0.00;0.00;0.00;98034.97;18.47;-0.06;0.00;E;0.00;N;0.00;0.00;0.00;0.00;0.00;0;0;0;0.00;0;0;0*
$96756;-0.01;0.01;1.01;0.00;0.00;0.00;-5.06;11.52;-3.41;0.00;0.00;0.00;0.00;0.00;0.00;0.00;0.00;0.00;98034.41;18.46;-0.06;0.00;E;0.00;N;0.00;0.00;0.00;0.00;0.00;0;0;0;0.00;0;0;0*
$96856;-0.00;0.01;1.01;0.00;0.00;0.00;-0.18;4.39;-7.13;0.00;0.00;0.00;0.00;0.00;0.00;0.00;0.00;0.00;98027.71;18.46;-0.02;0.00;E;0.00;N;0.00;0.00;0.00;0.00;0.00;0;0;0;0.00;0;0;0*
$96956;-0.00;0.01;1.01;0.00;0.00;0.00;-0.61;8.23;6.40;0.00;0.00;0.00;0.00;0.00;0.00;0.00;0.00;0.00;98034.44;18.47;-0.06;0.00;E;0.00;N;0.00;0.00;0.00;0.00;0.00;0;0;0;0.00;0;0;0*
$97056;-0.00;0.01;1.01;0.00;0.00;0.00;0.37;12.93;9.27;0.00;0.00;0.00;0.00;0.00;0.00;0.00;0.00;0.00;98030.00;18.46;-0.03;0.00;E;0.00;N;0.00;0.00;0.00;0.00;0.00;0;0;0;0.00;0;0;0*
$97156;-0.00;0.02;1.01;0.00;0.00;0.00;0.00;12.93;4.76;0.00;0.00;0.00;0.00;0.00;0.00;0.00;0.00;0.00;98027.03;18.46;-0.02;0.00;E;0.00;N;0.00;0.00;0.00;0.00;0.00;0;0;0;0.00;0;0;0*
$97256;-0.01;0.02;1.00;0.00;0.00;0.00;0.98;7.20;9.27;0.00;0.00;0.00;0.00;0.00;0.00;0.00;0.00;0.00;98033.54;18.46;-0.05;0.00;E;0.00;N;0.00;0.00;0.00;0.00;0.00;0;0;0;0.00;0;0;0*
$97356;-0.01;0.02;1.00;0.00;0.00;0.00;2.50;4.57;2.62;0.00;0.00;0.00;0.00;0.00;0.00;0.00;0.00;0.00;98034.80;18.46;-0.06;0.00;E;0.00;N;0.00;0.00;0.00;0.00;0.00;0;0;0;0.00;0;0;0*
$97456;0.00;0.01;1.00;0.00;0.00;0.00;-5.85;21.28;-2.20;0.00;0.00;0.00;0.00;0.00;0.00;0.00;0.00;0.00;98031.62;18.46;-0.04;0.00;E;0.00;N;0.00;0.00;0.00;0.00;0.00;0;0;0;0.00;0;0;0*
$97956;-0.00;0.02;1.00;0.00;0.00;0.00;2.13;-10.30;2.26;0.00;0.00;0.00;0.00;0.00;0.00;0.00;0.00;0.00;98029.02;18.43;-0.03;0.00;E;0.00;N;0.00;0.00;0.00;0.00;0.00;0;0;0;0.00;0;0;0*
$98056;-0.01;0.01;1.00;0.00;0.00;0.00;-4.45;3.96;-6.10;0.00;0.00;0.00;0.00;0.00;0.00;0.00;0.00;0.00;98028.67;18.43;-0.03;0.00;E;0.00;N;0.00;0.00;0.00;0.00;0.00;0;0;0;0.00;0;0;0*