B$5476;-0.00;0.01;1.02;0.00;0.00;0.00;6.22;1.95;-3.48;0.00;0.00;0.00;-5.59;52.47;-0.87;0.00;0.00;0.00;97935.04;23.56;0.02;0.00;E;0.00;N;0.00;0.00;0.00;0.00;0.00;0;0;0;0.00;0;0;0*
$5576;0.00;0.01;1.02;0.00;0.00;0.00;-0.55;0.06;1.34;0.00;0.00;0.00;-5.41;49.75;0.00;0.00;0.00;0.00;97933.45;23.56;0.03;0.00;E;0.00;N;0.00;0.00;0.00;0.00;0.00;0;0;0;0.00;0;0;0*
$5676;-0.00;0.01;1.02;0.00;0.00;0.00;6.22;-2.13;-7.74;0.00;0.00;0.00;-6.13;50.84;-0.35;0.00;0.00;0.00;97935.57;23.56;0.01;0.00;E;0.00;N;0.00;0.00;0.00;0.00;0.00;0;0;0;0.00;0;0;0*
$5776;-0.00;0.02;1.01;0.00;0.00;0.00;3.90;-3.78;7.80;0.00;0.00;0.00;-6.49;48.30;2.09;0.00;0.00;0.00;97935.75;23.56;0.01;0.00;E;0.00;N;0.00;0.00;0.00;0.00;0.00;0;0;0;0.00;0;0;0*
$5876;0.00;0.02;1.01;0.00;0.00;0.00;2.74;-1.16;1.34;0.00;0.00;0.00;-5.77;48.66;1.04;0.00;0.00;0.00;97937.53;23.56;0.00;0.00;E;0.00;N;0.00;0.00;0.00;0.00;0.00;0;0;0;0.00;0;0;0*
$5976;0.00;0.02;1.02;0.00;0.00;0.00;1.95;3.17;-3.48;0.00;0.00;0.00;-7.04;51.02;0.87;0.00;0.00;0.00;97937.00;23.56;0.00;0.00;E;0.00;N;0.00;0.00;0.00;0.00;0.00;0;0;0;0.00;0;0;0*
$6076;-0.00;0.02;1.02;0.00;0.00;0.00;-1.16;1.52;-12.20;0.00;0.00;0.00;-7.04;50.29;0.87;0.00;0.00;0.00;97936.46;23.56;0.01;0.00;E;0.00;N;0.00;0.00;0.00;0.00;0.00;0;0;0;0.00;0;0;0*
$6176;-0.00;0.02;1.02;0.00;0.00;0.00;0.00;0.91;4.21;0.00;0.00;0.00;-6.31;51.02;1.91;0.00;0.00;0.00;97935.41;23.56;0.02;0.00;E;0.00;N;0.00;0.00;0.00;0.00;0.00;0;0;0;0.00;0;0;0*
$6276;-0.00;0.02;1.02;0.00;0.00;0.00;1.95;6.22;0.85;0.00;0.00;0.00;-5.77;50.11;0.00;0.00;0.00;0.00;97938.60;23.56;-0.01;0.00;E;0.00;N;0.00;0.00;0.00;0.00;0.00;0;0;0;0.00;0;0;0*
$6376;0.00;0.01;1.02;0.00;0.00;0.00;0.98;8.05;0.85;0.00;0.00;0.00;-5.23;50.66;0.87;0.00;0.00;0.00;97933.97;23.56;0.03;0.00;E;0.00;N;0.00;0.00;0.00;0.00;0.00;0;0;0;0.00;0;0;0*
$6476;0.00;0.01;1.01;0.00;0.00;0.00;-0.37;-5.37;0.49;0.00;0.00;0.00;-7.76;50.66;0.52;0.00;0.00;0.00;97937.53;23.56;0.00;0.00;E;0.00;N;0.00;0.00;0.00;0.00;0.00;0;0;0;0.00;0;0;0*
$6576;-0.00;0.02;1.02;0.00;0.00;0.00;-4.09;2.74;8.66;0.00;0.00;0.00;-7.22;51.93;1.39;0.00;0.00;0.00;97934.71;23.56;0.02;0.00;E;0.00;N;0.00;0.00;0.00;0.00;0.00;0;0;0;0.00;0;0;0*
$6676;-0.01;0.02;1.03;0.00;0.00;0.00;4.88;9.27;-2.56;0.00;0.00;0.00;-5.77;51.20;1.04;0.00;0.00;0.00;97936.46;23.56;0.01;0.00;E;0.00;N;0.00;0.00;0.00;0.00;0.00;0;0;0;0.00;0;0;0*
$6776;0.00;0.01;1.02;0.00;0.00;0.00;0.00;-1.34;7.80;0.00;0.00;0.00;-7.04;52.11;1.22;0.00;0.00;0.00;97937.35;23.56;0.00;0.00;E;0.00;N;0.00;0.00;0.00;0.00;0.00;0;0;0;0.00;0;0;0*
$6876;0.00;0.01;1.02;0.00;0.00;0.00;2.13;-6.83;1.52;0.00;0.00;0.00;-6.49;52.29;-0.70;0.00;0.00;0.00;97935.77;23.56;0.01;0.00;E;0.00;N;0.00;0.00;0.00;0.00;0.00;0;0;0;0.00;0;0;0*
$6976;0.00;0.01;1.02;0.00;0.00;0.00;-1.89;-1.16;1.34;0.00;0.00;0.00;-6.49;51.20;1.39;0.00;0.00;0.00;97939.33;23.56;-0.01;0.00;E;0.00;N;0.00;0.00;0.00;0.00;0.00;0;0;0;0.00;0;0;0*
$7076;0.00;0.02;1.02;0.00;0.00;0.00;3.54;1.28;-4.33;0.00;0.00;0.00;-5.95;49.20;1.22;0.00;0.00;0.00;97937.23;23.57;0.00;0.00;E;0.00;N;0.00;0.00;0.00;0.00;0.00;0;0;0;0.00;0;0;0*
$7176;-0.00;0.01;1.02;0.00;0.00;0.00;2.74;12.56;11.71;0.00;0.00;0.00;-7.04;51.38;0.87;0.00;0.00;0.00;97937.94;23.57;-0.00;0.00;E;0.00;N;0.00;0.00;0.00;0.00;0.00;0;0;0;0.00;0;0;0*
$7276;0.00;0.02;1.02;0.00;0.00;0.00;3.72;-0.30;-0.61;0.00;0.00;0.00;-7.04;50.29;0.52;0.00;0.00;0.00;97936.88;23.57;0.01;0.00;E;0.00;N;0.00;0.00;0.00;0.00;0.00;0;0;0;0.00;0;0;0*
$7376;0.00;0.01;1.02;0.00;0.00;0.00;5.06;2.13;3.17;0.00;0.00;0.00;-7.76;51.38;0.52;0.00;0.00;0.00;97936.17;23.57;0.01;0.00;E;0.00;N;0.00;0.00;0.00;0.00;0.00;0;0;0;0.00;0;0;0*
$7476;-0.00;0.01;1.02;0.00;0.00;0.00;-2.68;2.74;-5.61;0.00;0.00;0.00;-5.77;50.84;1.39;0.00;0.00;0.00;97933.69;23.57;0.03;0.00;E;0.00;N;0.00;0.00;0.00;0.00;0.00;0;0;0;0.00;0;0;0*
$7576;-0.00;0.03;1.02;0.00;0.00;0.00;-1.52;1.34;10.12;0.00;0.00;0.00;-7.04;50.66;0.87;0.00;0.00;0.00;97935.81;23.57;0.01;0.00;E;0.00;N;0.00;0.00;0.00;0.00;0.00;0;0;0;0.00;0;0;0*
$7676;-0.01;0.03;1.02;0.00;0.00;0.00;3.35;1.16;-9.51;0.00;0.00;0.00;-7.40;51.38;1.91;0.00;0.00;0.00;97939.19;23.57;-0.01;0.00;E;0.00;N;0.00;0.00;0.00;0.00;0.00;0;0;0;0.00;0;0;0*
$7776;-0.00;0.02;1.02;0.00;0.00;0.00;-4.27;7.80;1.71;0.00;0.00;0.00;-6.13;50.84;1.74;0.00;0.00;0.00;97939.38;23.57;-0.01;0.00;E;0.00;N;0.00;0.00;0.00;0.00;0.00;0;0;0;0.00;0;0;0*
$7876;0.00;0.02;1.02;0.00;0.00;0.00;-0.55;3.11;1.04;0.00;0.00;0.00;-5.95;51.75;0.87;0.00;0.00;0.00;97933.67;23.57;0.03;0.00;E;0.00;N;0.00;0.00;0.00;0.00;0.00;0;0;0;0.00;0;0;0*
$7976;-0.00;0.02;1.02;0.00;0.00;0.00;-2.32;12.93;6.52;0.00;0.00;0.00;-7.40;50.66;1.57;0.00;0.00;0.00;97934.39;23.57;0.02;0.00;E;0.00;N;0.00;0.00;0.00;0.00;0.00;0;0;0;0.00;0;0;0*
$8076;-0.00;0.02;1.02;0.00;0.00;0.00;0.61;-2.38;-1.83;0.00;0.00;0.00;-6.13;50.48;1.04;0.00;0.00;0.00;97935.10;23.57;0.02;0.00;E;0.00;N;0.00;0.00;0.00;0.00;0.00;0;0;0;0.00;0;0;0*
$8176;-0.01;0.01;1.02;0.00;0.00;0.00;0.43;-0.91;-1.83;0.00;0.00;0.00;-7.22;50.84;0.70;0.00;0.00;0.00;97934.39;23.57;0.02;0.00;E;0.00;N;0.00;0.00;0.00;0.00;0.00;0;0;0;0.00;0;0;0*
$8276;-0.01;0.02;1.03;0.00;0.00;0.00;0.24;3.54;-3.11;0.00;0.00;0.00;-9.02;51.20;0.00;0.00;0.00;0.00;97933.86;23.57;0.03;0.00;E;0.00;N;0.00;0.00;0.00;0.00;0.00;0;0;0;0.00;0;0;0*
$8376;0.00;0.01;1.01;0.00;0.00;0.00;0.24;3.54;6.71;0.00;0.00;0.00;-7.22;53.02;1.04;0.00;0.00;0.00;97934.21;23.57;0.02;0.00;E;0.00;N;0.00;0.00;0.00;0.00;0.00;0;0;0;0.00;0;0;0*
$8476;0.00;0.02;1.02;0.00;0.00;0.00;-0.73;3.17;6.34;0.00;0.00;0.00;-7.22;51.20;0.00;0.00;0.00;0.00;97933.86;23.57;0.03;0.00;E;0.00;N;0.00;0.00;0.00;0.00;0.00;0;0;0;0.00;0;0;0*
$8576;-0.00;0.02;1.02;0.00;0.00;0.00;-1.89;5.98;0.67;0.00;0.00;0.00;-7.40;50.66;0.87;0.00;0.00;0.00;97934.22;23.58;0.02;0.00;E;0.00;N;0.00;0.00;0.00;0.00;0.00;0;0;0;0.00;0;0;0*
$8676;0.00;0.01;1.01;0.00;0.00;0.00;-0.37;8.66;0.12;0.00;0.00;0.00;-6.67;51.02;2.26;0.00;0.00;0.00;97938.66;23.57;-0.01;0.00;E;0.00;N;0.00;0.00;0.00;0.00;0.00;0;0;0;0.00;0;0;0*
$8776;0.00;0.02;1.02;0.00;0.00;0.00;1.22;-9.88;9.39;0.00;0.00;0.00;-6.67;50.29;0.52;0.00;0.00;0.00;97938.13;23.57;-0.00;0.00;E;0.00;N;0.00;0.00;0.00;0.00;0.00;0;0;0;0.00;0;0;0*
$8876;-0.00;0.02;1.02;0.00;0.00;0.00;-0.18;2.13;-5.91;0.00;0.00;0.00;-6.49;50.48;-1.04;0.00;0.00;0.00;97935.82;23.57;0.01;0.00;E;0.00;N;0.00;0.00;0.00;0.00;0.00;0;0;0;0.00;0;0;0*
$8976;-0.00;0.02;1.02;0.00;0.00;0.00;-0.37;4.76;-6.46;0.00;0.00;0.00;-7.58;50.84;1.39;0.00;0.00;0.00;97938.84;23.57;-0.01;0.00;E;0.00;N;0.00;0.00;0.00;0.00;0.00;0;0;0;0.00;0;0;0*
$9076;-0.00;0.02;1.01;0.00;0.00;0.00;-3.48;12.13;-0.98;0.00;0.00;0.00;-5.05;49.75;1.39;0.00;0.00;0.00;97935.30;23.58;0.02;0.00;E;0.00;N;0.00;0.00;0.00;0.00;0.00;0;0;0;0.00;0;0;0*
$9176;0.00;0.02;1.02;0.00;0.00;0.00;1.40;-6.83;-1.83;0.00;0.00;0.00;-6.31;51.75;1.57;0.00;0.00;0.00;97935.82;23.57;0.01;0.00;E;0.00;N;0.00;0.00;0.00;0.00;0.00;0;0;0;0.00;0;0;0*
$9276;-0.00;0.02;1.03;0.00;0.00;0.00;-1.34;0.06;12.44;0.00;0.00;0.00;-7.04;49.93;1.91;0.00;0.00;0.00;97934.74;23.57;0.02;0.00;E;0.00;N;0.00;0.00;0.00;0.00;0.00;0;0;0;0.00;0;0;0*
$9376;-0.00;0.02;1.02;0.00;0.00;0.00;0.00;-3.60;3.84;0.00;0.00;0.00;-7.76;50.66;0.87;0.00;0.00;0.00;97935.47;23.58;0.02;0.00;E;0.00;N;0.00;0.00;0.00;0.00;0.00;0;0;0;0.00;0;0;0*
$9476;0.00;0.02;1.02;0.00;0.00;0.00;-2.50;12.93;7.62;0.00;0.00;0.00;-7.04;50.66;0.87;0.00;0.00;0.00;97937.06;23.57;0.00;0.00;E;0.00;N;0.00;0.00;0.00;0.00;0.00;0;0;0;0.00;0;0;0*
$9576;0.00;0.02;1.01;0.00;0.00;0.00;-0.55;0.49;-3.78;0.00;0.00;0.00;-7.40;51.02;-0.87;0.00;0.00;0.00;97934.21;23.57;0.02;0.00;E;0.00;N;0.00;0.00;0.00;0.00;0.00;0;0;0;0.00;0;0;0*
$9676;-0.00;0.01;1.02;0.00;0.00;0.00;0.61;5.55;2.80;0.00;0.00;0.00;-6.49;49.39;0.70;0.00;0.00;0.00;97937.77;23.57;-0.00;0.00;E;0.00;N;0.00;0.00;0.00;0.00;0.00;0;0;0;0.00;0;0;0*
$9776;0.00;0.02;1.01;0.00;0.00;0.00;0.24;7.01;7.99;0.00;0.00;0.00;-5.77;50.84;1.39;0.00;0.00;0.00;97933.86;23.57;0.03;0.00;E;0.00;N;0.00;0.00;0.00;0.00;0.00;0;0;0;0.00;0;0;0*
$9876;0.00;0.02;1.02;0.00;0.00;0.00;-1.71;8.90;5.12;0.00;0.00;0.00;-6.49;51.56;1.39;0.00;0.00;0.00;97933.50;23.57;0.03;0.00;E;0.00;N;0.00;0.00;0.00;0.00;0.00;0;0;0;0.00;0;0;0*
$9976;0.03;0.02;1.02;0.00;0.00;0.00;1.77;-1.16;-7.01;0.00;0.00;0.00;-5.77;50.84;1.04;0.00;0.00;0.00;97931.69;23.57;0.04;0.00;E;0.00;N;0.00;0.00;0.00;0.00;0.00;0;0;0;0.00;0;0;0*
$10076;0.00;0.02;1.02;0.00;0.00;0.00;-1.89;11.10;2.07;0.00;0.00;0.00;-6.49;49.75;0.35;0.00;0.00;0.00;97934.74;23.57;0.02;0.00;E;0.00;N;0.00;0.00;0.00;0.00;0.00;0;0;0;0.00;0;0;0*
$10176;0.01;0.03;1.02;0.00;0.00;0.00;4.70;9.88;1.52;0.00;0.00;0.00;-6.49;50.48;1.74;0.00;0.00;0.00;97929.75;23.57;0.06;0.00;E;0.00;N;0.00;0.00;0.00;0.00;0.00;0;0;0;0.00;0;0;0*
$10276;0.01;0.02;1.01;0.00;0.00;0.00;-1.34;2.13;10.98;0.00;0.00;0.00;-6.86;50.11;0.70;0.00;0.00;0.00;97933.33;23.57;0.03;0.00;E;0.00;N;0.00;0.00;0.00;0.00;0.00;0;0;0;0.00;0;0;0*
$10376;0.01;0.02;1.02;0.00;0.00;0.00;1.40;4.57;2.07;0.00;0.00;0.00;-7.94;51.20;0.00;0.00;0.00;0.00;97934.39;23.57;0.02;0.00;E;0.00;N;0.00;0.00;0.00;0.00;0.00;0;0;0;0.00;0;0;0*
$10476;-0.00;0.02;1.02;0.00;0.00;0.00;-1.16;2.13;-0.43;0.00;0.00;0.00;-6.67;48.48;2.96;0.00;0.00;0.00;97935.64;23.58;0.01;0.00;E;0.00;N;0.00;0.00;0.00;0.00;0.00;0;0;0;0.00;0;0;0*
$10576;-0.00;0.02;1.02;0.00;0.00;0.00;-0.98;-3.35;4.02;0.00;0.00;0.00;-8.12;51.38;1.22;0.00;0.00;0.00;97931.20;23.58;0.05;0.00;E;0.00;N;0.00;0.00;0.00;0.00;0.00;0;0;0;0.00;0;0;0*
$10676;0.00;0.01;1.02;0.00;0.00;0.00;0.24;5.00;-2.93;0.00;0.00;0.00;-6.86;50.84;0.70;0.00;0.00;0.00;97934.40;23.58;0.02;0.00;E;0.00;N;0.00;0.00;0.00;0.00;0.00;0;0;0;0.00;0;0;0*
$10776;0.00;0.02;1.02;0.00;0.00;0.00;0.00;-4.57;10.43;0.00;0.00;0.00;-8.30;50.48;0.70;0.00;0.00;0.00;97935.82;23.57;0.01;0.00;E;0.00;N;0.00;0.00;0.00;0.00;0.00;0;0;0;0.00;0;0;0*
$10876;-0.01;0.01;1.02;0.00;0.00;0.00;-3.29;10.43;-5.24;0.00;0.00;0.00;-6.86;50.84;0.35;0.00;0.00;0.00;97933.69;23.58;0.03;0.00;E;0.00;N;0.00;0.00;0.00;0.00;0.00;0;0;0;0.00;0;0;0*
$10976;-0.00;0.01;1.02;0.00;0.00;0.00;1.22;5.37;1.71;0.00;0.00;0.00;-5.59;51.75;0.87;0.00;0.00;0.00;97932.44;23.58;0.04;0.00;E;0.00;N;0.00;0.00;0.00;0.00;0.00;0;0;0;0.00;0;0;0*
$11076;0.00;0.02;1.01;0.00;0.00;0.00;-2.87;3.96;0.12;0.00;0.00;0.00;-6.67;51.02;-0.17;0.00;0.00;0.00;97934.93;23.57;0.02;0.00;E;0.00;N;0.00;0.00;0.00;0.00;0.00;0;0;0;0.00;0;0;0*
$11176;0.00;0.02;1.03;0.00;0.00;0.00;-0.55;2.07;-7.01;0.00;0.00;0.00;-6.86;50.48;1.39;0.00;0.00;0.00;97935.63;23.57;0.01;0.00;E;0.00;N;0.00;0.00;0.00;0.00;0.00;0;0;0;0.00;0;0;0*
$11276;-0.00;0.02;1.02;0.00;0.00;0.00;-1.16;-2.38;-2.74;0.00;0.00;0.00;-6.13;51.56;1.04;0.00;0.00;0.00;97934.57;23.57;0.02;0.00;E;0.00;N;0.00;0.00;0.00;0.00;0.00;0;0;0;0.00;0;0;0*
$11376;-0.00;0.02;1.01;0.00;0.00;0.00;3.11;12.50;-2.93;0.00;0.00;0.00;-6.86;51.20;1.04;0.00;0.00;0.00;97932.10;23.58;0.04;0.00;E;0.00;N;0.00;0.00;0.00;0.00;0.00;0;0;0;0.00;0;0;0*
$11476;0.00;0.02;1.02;0.00;0.00;0.00;0.00;-9.51;-1.83;0.00;0.00;0.00;-7.76;50.29;-1.22;0.00;0.00;0.00;97931.89;23.57;0.04;0.00;E;0.00;N;0.00;0.00;0.00;0.00;0.00;0;0;0;0.00;0;0;0*
$11576;-0.00;0.02;1.02;0.00;0.00;0.00;1.40;10.67;-6.46;0.00;0.00;0.00;-6.49;51.56;0.70;0.00;0.00;0.00;97931.02;23.57;0.05;0.00;E;0.00;N;0.00;0.00;0.00;0.00;0.00;0;0;0;0.00;0;0;0*
$11676;-0.00;0.02;1.03;0.00;0.00;0.00;3.90;1.46;-3.11;0.00;0.00;0.00;-5.59;50.66;1.22;0.00;0.00;0.00;97931.53;23.57;0.04;0.00;E;0.00;N;0.00;0.00;0.00;0.00;0.00;0;0;0;0.00;0;0;0*
$11776;-0.01;0.01;1.01;0.00;0.00;0.00;0.61;5.12;-6.28;0.00;0.00;0.00;-6.49;50.11;1.04;0.00;0.00;0.00;97931.33;23.57;0.04;0.00;E;0.00;N;0.00;0.00;0.00;0.00;0.00;0;0;0;0.00;0;0;0*
$11876;-0.00;0.02;1.02;0.00;0.00;0.00;0.79;1.10;4.76;0.00;0.00;0.00;-6.13;50.11;2.44;0.00;0.00;0.00;97930.83;23.57;0.05;0.00;E;0.00;N;0.00;0.00;0.00;0.00;0.00;0;0;0;0.00;0;0;0*
$11976;-0.00;0.02;1.02;0.00;0.00;0.00;3.72;3.11;1.16;0.00;0.00;0.00;-7.94;50.84;0.00;0.00;0.00;0.00;97935.99;23.57;0.01;0.00;E;0.00;N;0.00;0.00;0.00;0.00;0.00;0;0;0;0.00;0;0;0*
$12076;-0.00;0.02;1.01;0.00;0.00;0.00;-3.11;0.67;0.12;0.00;0.00;0.00;-6.49;50.84;1.39;0.00;0.00;0.00;97934.93;23.57;0.02;0.00;E;0.00;N;0.00;0.00;0.00;0.00;0.00;0;0;0;0.00;0;0;0*
$12176;-0.00;0.02;1.02;0.00;0.00;0.00;0.79;4.76;-1.28;0.00;0.00;0.00;-6.67;51.02;0.17;0.00;0.00;0.00;97933.32;23.57;0.03;0.00;E;0.00;N;0.00;0.00;0.00;0.00;0.00;0;0;0;0.00;0;0;0*
$12276;-0.01;0.02;1.01;0.00;0.00;0.00;-1.71;4.76;1.89;0.00;0.00;0.00;-6.31;50.66;1.57;0.00;0.00;0.00;97931.55;23.57;0.04;0.00;E;0.00;N;0.00;0.00;0.00;0.00;0.00;0;0;0;0.00;0;0;0*
$12376;-0.00;0.02;1.02;0.00;0.00;0.00;-0.98;7.38;-7.01;0.00;0.00;0.00;-7.94;50.48;1.04;0.00;0.00;0.00;97929.57;23.57;0.06;0.00;E;0.00;N;0.00;0.00;0.00;0.00;0.00;0;0;0;0.00;0;0;0*
$12476;-0.00;0.02;1.02;0.00;0.00;0.00;3.72;9.21;2.26;0.00;0.00;0.00;-6.13;50.84;0.70;0.00;0.00;0.00;97930.47;23.57;0.05;0.00;E;0.00;N;0.00;0.00;0.00;0.00;0.00;0;0;0;0.00;0;0;0*
$12576;0.00;0.02;1.01;0.00;0.00;0.00;3.72;3.72;5.49;0.00;0.00;0.00;-5.59;51.02;1.22;0.00;0.00;0.00;97931.16;23.57;0.05;0.00;E;0.00;N;0.00;0.00;0.00;0.00;0.00;0;0;0;0.00;0;0;0*
$12676;-0.00;0.02;1.02;0.00;0.00;0.00;-3.84;-3.78;-4.15;0.00;0.00;0.00;-4.87;51.38;0.52;0.00;0.00;0.00;97932.09;23.58;0.04;0.00;E;0.00;N;0.00;0.00;0.00;0.00;0.00;0;0;0;0.00;0;0;0*
$12776;0.00;0.02;1.02;0.00;0.00;0.00;-0.18;0.67;1.71;0.00;0.00;0.00;-7.76;49.93;2.26;0.00;0.00;0.00;97929.21;23.57;0.06;0.00;E;0.00;N;0.00;0.00;0.00;0.00;0.00;0;0;0;0.00;0;0;0*
$12876;0.00;0.02;1.02;0.00;0.00;0.00;1.77;3.90;-1.65;0.00;0.00;0.00;-7.04;51.75;0.52;0.00;0.00;0.00;97933.50;23.57;0.03;0.00;E;0.00;N;0.00;0.00;0.00;0.00;0.00;0;0;0;0.00;0;0;0*
$12976;-0.00;0.02;1.01;0.00;0.00;0.00;1.77;-3.17;5.67;0.00;0.00;0.00;-7.40;49.57;0.52;0.00;0.00;0.00;97935.13;23.58;0.02;0.00;E;0.00;N;0.00;0.00;0.00;0.00;0.00;0;0;0;0.00;0;0;0*
$13076;-0.00;0.02;1.01;0.00;0.00;0.00;-0.55;-5.43;1.71;0.00;0.00;0.00;-7.22;50.48;0.35;0.00;0.00;0.00;97931.57;23.58;0.04;0.00;E;0.00;N;0.00;0.00;0.00;0.00;0.00;0;0;0;0.00;0;0;0*
$13176;0.00;0.01;1.02;0.00;0.00;0.00;1.95;3.17;4.57;0.00;0.00;0.00;-6.86;52.29;0.00;0.00;0.00;0.00;97931.55;23.58;0.04;0.00;E;0.00;N;0.00;0.00;0.00;0.00;0.00;0;0;0;0.00;0;0;0*
$13276;-0.00;0.02;1.01;0.00;0.00;0.00;1.22;-0.55;1.89;0.00;0.00;0.00;-6.31;51.38;0.17;0.00;0.00;0.00;97929.79;23.58;0.06;0.00;E;0.00;N;0.00;0.00;0.00;0.00;0.00;0;0;0;0.00;0;0;0*
$13376;0.00;0.02;1.01;0.00;0.00;0.00;0.24;7.99;11.16;0.00;0.00;0.00;-6.31;50.29;1.57;0.00;0.00;0.00;97929.79;23.58;0.06;0.00;E;0.00;N;0.00;0.00;0.00;0.00;0.00;0;0;0;0.00;0;0;0*
$13476;-0.00;0.02;1.01;0.00;0.00;0.00;0.24;-3.84;7.44;0.00;0.00;0.00;-8.48;50.66;0.87;0.00;0.00;0.00;97932.83;23.58;0.03;0.00;E;0.00;N;0.00;0.00;0.00;0.00;0.00;0;0;0;0.00;0;0;0*
$13576;-0.00;0.02;1.02;0.00;0.00;0.00;0.98;2.07;-2.38;0.00;0.00;0.00;-6.86;49.75;0.35;0.00;0.00;0.00;97930.32;23.58;0.05;0.00;E;0.00;N;0.00;0.00;0.00;0.00;0.00;0;0;0;0.00;0;0;0*
$13676;-0.00;0.01;1.02;0.00;0.00;0.00;2.13;2.32;5.98;0.00;0.00;0.00;-6.49;50.11;1.04;0.00;0.00;0.00;97928.90;23.58;0.06;0.00;E;0.00;N;0.00;0.00;0.00;0.00;0.00;0;0;0;0.00;0;0;0*
$13776;0.00;0.01;1.02;0.00;0.00;0.00;0.24;4.15;-9.88;0.00;0.00;0.00;-6.13;50.48;0.00;0.00;0.00;0.00;97930.16;23.58;0.05;0.00;E;0.00;N;0.00;0.00;0.00;0.00;0.00;0;0;0;0.00;0;0;0*
$13876;-0.00;0.02;1.02;0.00;0.00;0.00;3.35;-5.06;-5.43;0.00;0.00;0.00;-6.67;51.38;1.57;0.00;0.00;0.00;97927.64;23.58;0.07;0.00;E;0.00;N;0.00;0.00;0.00;0.00;0.00;0;0;0;0.00;0;0;0*
$13976;-0.00;0.01;1.01;0.00;0.00;0.00;-0.73;9.02;2.80;0.00;0.00;0.00;-7.76;51.75;-0.17;0.00;0.00;0.00;97930.55;23.59;0.05;0.00;E;0.00;N;0.00;0.00;0.00;0.00;0.00;0;0;0;0.00;0;0;0*
$14076;-0.00;0.01;1.02;0.00;0.00;0.00;4.70;8.05;1.52;0.00;0.00;0.00;-6.67;51.38;0.52;0.00;0.00;0.00;97932.12;23.58;0.04;0.00;E;0.00;N;0.00;0.00;0.00;0.00;0.00;0;0;0;0.00;0;0;0*
$14176;-0.00;0.02;1.02;0.00;0.00;0.00;0.61;-6.28;9.57;0.00;0.00;0.00;-6.49;52.65;2.09;0.00;0.00;0.00;97928.07;23.59;0.07;0.00;E;0.00;N;0.00;0.00;0.00;0.00;0.00;0;0;0;0.00;0;0;0*
$14276;0.00;0.02;1.02;0.00;0.00;0.00;3.90;7.38;-0.79;0.00;0.00;0.00;-4.69;49.02;0.35;0.00;0.00;0.00;97929.64;23.58;0.06;0.00;E;0.00;N;0.00;0.00;0.00;0.00;0.00;0;0;0;0.00;0;0;0*
$14376;0.00;0.02;1.02;0.00;0.00;0.00;0.43;6.40;2.44;0.00;0.00;0.00;-6.86;50.48;1.04;0.00;0.00;0.00;97928.42;23.59;0.07;0.00;E;0.00;N;0.00;0.00;0.00;0.00;0.00;0;0;0;0.00;0;0;0*
$14476;-0.00;0.01;1.02;0.00;0.00;0.00;3.35;6.16;-0.98;0.00;0.00;0.00;-6.49;51.93;1.04;0.00;0.00;0.00;97928.93;23.58;0.06;0.00;E;0.00;N;0.00;0.00;0.00;0.00;0.00;0;0;0;0.00;0;0;0*
$14576;-0.00;0.02;1.02;0.00;0.00;0.00;2.13;2.93;9.21;0.00;0.00;0.00;-7.40;50.66;0.52;0.00;0.00;0.00;97927.69;23.58;0.07;0.00;E;0.00;N;0.00;0.00;0.00;0.00;0.00;0;0;0;0.00;0;0;0*
$14676;-0.00;0.02;1.02;0.00;0.00;0.00;0.79;1.46;-2.38;0.00;0.00;0.00;-6.86;50.11;0.70;0.00;0.00;0.00;97928.74;23.59;0.06;0.00;E;0.00;N;0.00;0.00;0.00;0.00;0.00;0;0;0;0.00;0;0;0*
$14776;-0.00;0.02;1.02;0.00;0.00;0.00;1.95;-4.82;-7.20;0.00;0.00;0.00;-6.67;49.93;1.22;0.00;0.00;0.00;97930.16;23.58;0.05;0.00;E;0.00;N;0.00;0.00;0.00;0.00;0.00;0;0;0;0.00;0;0;0*
$14876;-0.01;0.02;1.02;0.00;0.00;0.00;1.40;-7.87;-2.93;0.00;0.00;0.00;-7.76;50.29;-0.52;0.00;0.00;0.00;97930.55;23.59;0.05;0.00;E;0.00;N;0.00;0.00;0.00;0.00;0.00;0;0;0;0.00;0;0;0*
$14976;-0.00;0.01;1.01;0.00;0.00;0.00;0.98;0.67;1.89;0.00;0.00;0.00;-6.13;49.39;1.04;0.00;0.00;0.00;97932.16;23.59;0.04;0.00;E;0.00;N;0.00;0.00;0.00;0.00;0.00;0;0;0;0.00;0;0;0*
$15076;-0.00;0.02;1.02;0.00;0.00;0.00;-2.32;-4.21;-2.01;0.00;0.00;0.00;-5.41;50.11;0.70;0.00;0.00;0.00;97931.07;23.59;0.05;0.00;E;0.00;N;0.00;0.00;0.00;0.00;0.00;0;0;0;0.00;0;0;0*
$15176;-0.00;0.02;1.02;0.00;0.00;0.00;-2.32;4.15;4.21;0.00;0.00;0.00;-7.22;50.48;1.04;0.00;0.00;0.00;97930.74;23.59;0.05;0.00;E;0.00;N;0.00;0.00;0.00;0.00;0.00;0;0;0;0.00;0;0;0*
$15276;0.00;0.02;1.01;0.00;0.00;0.00;-4.27;-1.34;12.07;0.00;0.00;0.00;-6.13;49.75;0.00;0.00;0.00;0.00;97931.94;23.58;0.04;0.00;E;0.00;N;0.00;0.00;0.00;0.00;0.00;0;0;0;0.00;0;0;0*
$15376;-0.01;0.02;1.02;0.00;0.00;0.00;1.40;9.45;2.07;0.00;0.00;0.00;-7.94;50.84;1.39;0.00;0.00;0.00;97928.75;23.58;0.06;0.00;E;0.00;N;0.00;0.00;0.00;0.00;0.00;0;0;0;0.00;0;0;0*
$15476;-0.00;0.02;1.02;0.00;0.00;0.00;4.09;-6.65;2.99;0.00;0.00;0.00;-6.67;51.38;0.52;0.00;0.00;0.00;97930.69;23.59;0.05;0.00;E;0.00;N;0.00;0.00;0.00;0.00;0.00;0;0;0;0.00;0;0;0*
$15576;-0.00;0.02;1.01;0.00;0.00;0.00;1.59;-1.34;3.17;0.00;0.00;0.00;-6.86;50.48;1.39;0.00;0.00;0.00;97931.98;23.59;0.04;0.00;E;0.00;N;0.00;0.00;0.00;0.00;0.00;0;0;0;0.00;0;0;0*
$15676;-0.00;0.02;1.01;0.00;0.00;0.00;-3.11;0.06;-1.28;0.00;0.0$15776;-0.00;0.02;1.02;0.00;0.00;0.00;4.09;5.98;5.12;0.00;0.00;0.00;-5.77;49.39;0.70;0.00;0.00;0.00;97929.47;23.58;0.06;0.00;E;0.00;N;0.00;0.00;0.00;0.00;0.00;0;0;0;0.00;0;0;0*
$15876;0.00;0.01;1.01;0.00;0.00;0.00;-4.09;2.07;-3.11;0.00;0.00$16076;0.00;0.01;1.02;0.00;0.00;0.00;-1.34;5.98;-7.01;0.00;0.00;0.00;-8.66;50.84;0.00;0.00;0.00;0.00;97932.30;23.58;0.04;0.00;E;0.00;N;0.00;0.00;0.00;0.00;0.00;0;0;0;0.00;0;0;0*
$16176;-0.00;0.02;1.02;0.00;0.00;0.00;0.00;8.60;5.49;0.00;0.00;$16276;0.00;0.02;1.02;0.00;0.00;0.00;2.13;-1.77;-0.61;0.00;0.00;0.00;-7.40;50.29;0.87;0.00;0.00;0.00;97931.58;23.59;0.04;0.00;E;0.00;N;0.00;0.00;0.00;0.00;0.00;0;0;0;0.00;0;0;0*
$16376;0.00;0.01;1.01;0.00;0.00;0.00;0.24;-10.12;2.99;0.00;0.00;0.00;-6.31;49.93;0.87;0.00;0.00;0.00;97933.19;23.59;0.03;0.00;E;0.00;N;0.00;0.00;0.00;0.00;0.00;0;0;0;0.00;0;0;0*
$16476;0.00;0.02;1.02;0.00;0.00;0.00;-1.71;3.72;2.62;0.00;0.00;0.00;-8.30;51.93;1.39;0.00;0.00;0.00;97929.30;23.59;0.06;0.00;E;0.00;N;0.00;0.00;0.00;0.00;0.00;0;0;0;0.00;0;0;0*
$16576;-0.00;0.02;1.02;0.00;0.00;0.00;-2.13;14.09;3.35;0.00;0.00;0.00;-5.59;50.29;0.52;0.00;0.00;0.00;97928.25;23.60;0.07;0.00;E;0.00;N;0.00;0.00;0.00;0.00;0.00;0;0;0;0.00;0;0;0*
$16676;0.01;0.02;1.02;0.00;0.00;0.00;2.74;2.32;4.57;0.00;0.00;0.00;-8.30;49.39;1.74;0.00;0.00;0.00;97927.14;23.59;0.07;0.00;E;0.00;N;0.00;0.00;0.00;0.00;0.00;0;0;0;0.00;0;0;0*
$16776;0.01;0.02;1.02;0.00;0.00;0.00;2.38;-0.98;2.44;0.00;0.00;0.00;-8.12;49.93;0.52;0.00;0.00;0.00;97929.28;23.59;0.06;0.00;E;0.00;N;0.00;0.00;0.00;0.00;0.00;0;0;0;0.00;0;0;0*
$16876;0.00;0.02;1.02;0.00;0.00;0.00;-4.27;3.90;-0.24;0.00;0.00;0.00;-6.31;51.02;0.87;0.00;0.00;0.00;97931.44;23.59;0.04;0.00;E;0.00;N;0.00;0.00;0.00;0.00;0.00;0;0;0;0.00;0;0;0*
$16976;0.00;0.02;1.02;0.00;0.00;0.00;-0.55;3.96;0.85;0.00;0.00;0.00;-6.67;50.66;0.17;0.00;0.00;0.00;97931.47;23.60;0.04;0.00;E;0.00;N;0.00;0.00;0.00;0.00;0.00;0;0;0;0.00;0;0;0*
$17076;-0.01;0.02;1.02;0.00;0.00;0.00;2.56;8.84;-5.43;0.00;0.00;0.00;-6.67;49.20;0.87;0.00;0.00;0.00;97928.96;23.60;0.06;0.00;E;0.00;N;0.00;0.00;0.00;0.00;0.00;0;0;0;0.00;0;0;0*
$17176;0.00;0.01;1.02;0.00;0.00;0.00;0.43;-8.72;-7.74;0.00;0.00;0.00;-7.04;51.38;0.17;0.00;0.00;0.00;97929.16;23.60;0.06;0.00;E;0.00;N;0.00;0.00;0.00;0.00;0.00;0;0;0;0.00;0;0;0*
$17276;-0.00;0.01;1.02;0.00;0.00;0.00;0.79;0.24;7.07;0.00;0.00;0.00;-8.48;50.29;0.87;0.00;0.00;0.00;97931.82;23.60;0.04;0.00;E;0.00;N;0.00;0.00;0.00;0.00;0.00;0;0;0;0.00;0;0;0*
$17376;0.00;0.02;1.02;0.00;0.00;0.00;-1.34;1.10;7.44;0.00;0.00;0.00;-7.58;51.56;1.74;0.00;0.00;0.00;97932.17;23.60;0.04;0.00;E;0.00;N;0.00;0.00;0.00;0.00;0.00;0;0;0;0.00;0;0;0*
$17476;-0.00;0.01;1.02;0.00;0.00;0.00;1.59;2.68;-0.98;0.00;0.00;0.00;-6.86;51.56;-1.04;0.00;0.00;0.00;97929.52;23.60;0.06;0.00;E;0.00;N;0.00;0.00;0.00;0.00;0.00;0;0;0;0.00;0;0;0*
$17576;0.00;0.02;1.02;0.00;0.00;0.00;-1.34;3.72;-1.83;0.00;0.00;0.00;-7.94;51.20;0.00;0.00;0.00;0.00;97930.21;23.60;0.05;0.00;E;0.00;N;0.00;0.00;0.00;0.00;0.00;0;0;0;0.00;0;0;0*
$17676;-0.00;0.02;1.02;0.00;0.00;0.00;0.79;4.15;10.43;0.00;0.00;0.00;-6.13;50.84;1.04;0.00;0.00;0.00;97931.46;23.60;0.04;0.00;E;0.00;N;0.00;0.00;0.00;0.00;0.00;0;0;0;0.00;0;0;0*
$17776;0.00;0.02;1.02;0.00;0.00;0.00;0.61;4.57;-0.24;0.00;0.00;0.00;-7.76;50.66;0.17;0.00;0.00;0.00;97929.50;23.60;0.06;0.00;E;0.00;N;0.00;0.00;0.00;0.00;0.00;0;0;0;0.00;0;0;0*
$17876;-0.00;0.02;1.02;0.00;0.00;0.00;0.00;2.68;6.34;0.00;0.00;0.00;-7.40;50.66;0.52;0.00;0.00;0.00;97930.21;23.60;0.05;0.00;E;0.00;N;0.00;0.00;0.00;0.00;0.00;0;0;0;0.00;0;0;0*
$17976;-0.00;0.01;1.02;0.00;0.00;0.00;2.56;-1.95;-0.43;0.00;0.00;0.00;-5.77;50.48;0.70;0.00;0.00;0.00;97930.03;23.60;0.05;0.00;E;0.00;N;0.00;0.00;0.00;0.00;0.00;0;0;0;0.00;0;0;0*
$18076;-0.00;0.02;1.02;0.00;0.00;0.00;-1.52;-3.17;-0.43;0.00;0.00;0.00;-6.49;51.20;0.35;0.00;0.00;0.00;97929.87;23.60;0.05;0.00;E;0.00;N;0.00;0.00;0.00;0.00;0.00;0;0;0;0.00;0;0;0*
$18176;-0.00;0.01;1.02;0.00;0.00;0.00;1.22;0.67;-5.61;0.00;0.00;0.00;-7.22;51.20;1.74;0.00;0.00;0.00;97929.30;23.59;0.06;0.00;E;0.00;N;0.00;0.00;0.00;0.00;0.00;0;0;0;0.00;0;0;0*
$18276;-0.00;0.02;1.02;0.00;0.00;0.00;-1.16;-4.63;-2.01;0.00;0.00;0.00;-8.12;51.38;1.57;0.00;0.00;0.00;97930.02;23.59;0.05;0.00;E;0.00;N;0.00;0.00;0.00;0.00;0.00;0;0;0;0.00;0;0;0*
$18376;-0.00;0.02;1.02;0.00;0.00;0.00;2.13;-11.52;3.66;0.00;0.00;0.00;-6.49;50.48;-0.35;0.00;0.00;0.00;97933.24;23.60;0.03;0.00;E;0.00;N;0.00;0.00;0.00;0.00;0.00;0;0;0;0.00;0;0;0*
$18476;0.00;0.02;1.02;0.00;0.00;0.00;-0.98;8.23;-0.24;0.00;0.00;0.00;-6.31;51.02;-0.87;0.00;0.00;0.00;97928.59;23.59;0.06;0.00;E;0.00;N;0.00;0.00;0.00;0.00;0.00;0;0;0;0.00;0;0;0*
$18576;-0.00;0.02;1.02;0.00;0.00;0.00;0.98;7.99;-1.83;0.00;0.00;0.00;-6.49;49.75;1.39;0.00;0.00;0.00;97929.16;23.60;0.06;0.00;E;0.00;N;0.00;0.00;0.00;0.00;0.00;0;0;0;0.00;0;0;0*
$18676;0.00;0.01;1.02;0.00;0.00;0.00;-2.13;12.50;0.30;0.00;0.00;0.00;-7.40;51.38;0.17;0.00;0.00;0.00;97929.16;23.60;0.06;0.00;E;0.00;N;0.00;0.00;0.00;0.00;0.00;0;0;0;0.00;0;0;0*
$18776;-0.00;0.02;1.01;0.00;0.00;0.00;0.00;1.71;0.85;0.00;0.00;0.00;-7.76;51.38;0.87;0.00;0.00;0.00;97929.52;23.60;0.06;0.00;E;0.00;N;0.00;0.00;0.00;0.00;0.00;0;0;0;0.00;0;0;0*
$18876;0.00;0.02;1.02;0.00;0.00;0.00;0.24;-7.87;0.67;0.00;0.00;0.00;-6.67;50.29;0.87;0.00;0.00;0.00;97930.77;23.60;0.05;0.00;E;0.00;N;0.00;0.00;0.00;0.00;0.00;0;0;0;0.00;0;0;0*
$18976;0.00;0.02;1.02;0.00;0.00;0.00;-0.55;6.16;-9.33;0.00;0.00;0.00;-7.94;49.75;0.35;0.00;0.00;0.00;97930.57;23.60;0.05;0.00;E;0.00;N;0.00;0.00;0.00;0.00;0.00;0;0;0;0.00;0;0;0*
$19076;-0.00;0.02;1.02;0.00;0.00;0.00;2.13;5.73;-2.74;0.00;0.00;0.00;-5.59;50.66;1.57;0.00;0.00;0.00;97929.50;23.60;0.06;0.00;E;0.00;N;0.00;0.00;0.00;0.00;0.00;0;0;0;0.00;0;0;0*
$19176;-0.00;0.02;1.02;0.00;0.00;0.00;-2.87;-8.29;3.84;0.00;0.00;0.00;-7.94;49.75;1.39;0.00;0.00;0.00;97927.37;23.60;0.07;0.00;E;0.00;N;0.00;0.00;0.00;0.00;0.00;0;0;0;0.00;0;0;0*
$19276;-0.00;0.02;1.02;0.00;0.00;0.00;2.13;1.28;-12.01;0.00;0.00;0.00;-6.49;48.66;0.35;0.00;0.00;0.00;97928.63;23.60;0.06;0.00;E;0.00;N;0.00;0.00;0.00;0.00;0.00;0;0;0;0.00;0;0;0*
$19376;0.00;0.01;1.02;0.00;0.00;0.00;-0.55;-1.34;6.71;0.00;0.00$19476;-0.00;0.01;1.02;0.00;0.00;0.00;1.59;4.51;-11.46;0.00;0.00;0.00;-6.67;48.48;1.57;0.00;0.00;0.00;97926.67;23.60;0.08;0.00;E;0.00;N;0.00;0.00;0.00;0.00;0.00;0;0;0;0.00;0;0;0*
$19576;-0.00;0.01;1.02;0.00;0.00;0.00;-3.11;1.46;-3.60;0.00;0.0$19776;-0.01;0.01;1.02;0.00;0.00;0.00;1.95;-2.20;1.71;0.00;0.00;0.00;-5.95;50.29;1.91;0.00;0.00;0.00;97926.96;23.59;0.08;0.00;E;0.00;N;0.00;0.00;0.00;0.00;0.00;0;0;0;0.00;0;0;0*
$19876;0.00;0.01;1.02;0.00;0.00;0.00;1.22;6.59;-8.60;0.00;0.00;0.00;-6.67;49.93;1.22;0.00;0.00;0.00;97929.50;23.60;0.06;0.00;E;0.00;N;0.00;0.00;0.00;0.00;0.00;0;0;0;0.00;0;0;0*
$19976;0.00;0.01;1.01;0.00;0.00;0.00;2.74;-0.37;-0.79;0.00;0.00;0.00;-8.30;50.11;0.35;0.00;0.00;0.00;97928.06;23.59;0.07;0.00;E;0.00;N;0.00;0.00;0.00;0.00;0.00;0;0;0;0.00;0;0;0*
$20076;0.00;0.01;1.02;0.00;0.00;0.00;2.93;-3.23;6.89;0.00;0.00;0.00;-6.86;51.56;1.04;0.00;0.00;0.00;97927.89;23.60;0.07;0.00;E;0.00;N;0.00;0.00;0.00;0.00;0.00;0;0;0;0.00;0;0;0*
$20176;0.00;0.02;1.01;0.00;0.00;0.00;-1.89;-12.56;3.35;0.00;0.00;0.00;-6.86;50.84;1.04;0.00;0.00;0.00;97926.85;23.60;0.08;0.00;E;0.00;N;0.00;0.00;0.00;0.00;0.00;0;0;0;0.00;0;0;0*
$20276;-0.00;0.02;1.01;0.00;0.00;0.00;0.24;10.24;0.49;0.00;0.00;0.00;-7.22;51.20;-0.35;0.00;0.00;0.00;97928.98;23.60;0.06;0.00;E;0.00;N;0.00;0.00;0.00;0.00;0.00;0;0;0;0.00;0;0;0*
$20376;-0.00;0.01;1.02;0.00;0.00;0.00;-2.13;6.16;7.44;0.00;0.00;0.00;-7.04;49.57;0.87;0.00;0.00;0.00;97929.67;23.60;0.06;0.00;E;0.00;N;0.00;0.00;0.00;0.00;0.00;0;0;0;0.00;0;0;0*
$20476;0.00;0.01;1.02;0.00;0.00;0.00;-2.13;-0.37;2.80;0.00;0.00;0.00;-7.04;50.29;0.52;0.00;0.00;0.00;97926.31;23.60;0.08;0.00;E;0.00;N;0.00;0.00;0.00;0.00;0.00;0;0;0;0.00;0;0;0*
$20576;0.00;0.02;1.01;0.00;0.00;0.00;-0.73;4.15;-0.61;0.00;0.00;0.00;-7.94;51.56;1.04;0.00;0.00;0.00;97928.80;23.60;0.06;0.00;E;0.00;N;0.00;0.00;0.00;0.00;0.00;0;0;0;0.00;0;0;0*
$20676;-0.00;0.01;1.02;0.00;0.00;0.00;-0.55;9.63;-4.51;0.00;0.00;0.00;-8.66;49.75;1.04;0.00;0.00;0.00;97930.41;23.60;0.05;0.00;E;0.00;N;0.00;0.00;0.00;0.00;0.00;0;0;0;0.00;0;0;0*
$20776;0.00;0.02;1.02;0.00;0.00;0.00;0.98;-7.68;3.66;0.00;0.00;0.00;-7.76;50.66;0.87;0.00;0.00;0.00;97926.50;23.60;0.08;0.00;E;0.00;N;0.00;0.00;0.00;0.00;0.00;0;0;0;0.00;0;0;0*
$20876;0.00;0.02;1.02;0.00;0.00;0.00;-1.52;1.46;3.84;0.00;0.00;0.00;-7.40;49.93;1.22;0.00;0.00;0.00;97928.80;23.60;0.06;0.00;E;0.00;N;0.00;0.00;0.00;0.00;0.00;0;0;0;0.00;0;0;0*
$20976;-0.00;0.02;1.02;0.00;0.00;0.00;0.24;5.55;-6.10;0.00;0.00;0.00;-6.49;50.48;1.39;0.00;0.00;0.00;97928.61;23.60;0.06;0.00;E;0.00;N;0.00;0.00;0.00;0.00;0.00;0;0;0;0.00;0;0;0*
$21076;-0.00;0.02;1.02;0.00;0.00;0.00;-7.20;7.80;-7.01;0.00;0.00;0.00;-9.20;49.93;1.22;0.00;0.00;0.00;97928.45;23.60;0.06;0.00;E;0.00;N;0.00;0.00;0.00;0.00;0.00;0;0;0;0.00;0;0;0*
$21176;-0.00;0.01;1.03;0.00;0.00;0.00;3.72;-1.59;7.07;0.00;0.00;0.00;-6.13;51.20;0.35;0.00;0.00;0.00;97927.78;23.61;0.07;0.00;E;0.00;N;0.00;0.00;0.00;0.00;0.00;0;0;0;0.00;0;0;0*
$21276;0.00;0.02;1.02;0.00;0.00;0.00;0.61;5.73;-2.93;0.00;0.00;0.00;-7.04;51.02;1.57;0.00;0.00;0.00;97927.74;23.60;0.07;0.00;E;0.00;N;0.00;0.00;0.00;0.00;0.00;0;0;0;0.00;0;0;0*
$21376;0.00;0.01;1.02;0.00;0.00;0.00;1.59;-1.59;9.57;0.00;0.00;0.00;-8.30;50.11;0.70;0.00;0.00;0.00;97927.58;23.61;0.07;0.00;E;0.00;N;0.00;0.00;0.00;0.00;0.00;0;0;0;0.00;0;0;0*
$21476;-0.00;0.01;1.02;0.00;0.00;0.00;-3.29;5.00;0.49;0.00;0.00;0.00;-6.31;49.57;-0.52;0.00;0.00;0.00;97927.92;23.60;0.07;0.00;E;0.00;N;0.00;0.00;0.00;0.00;0.00;0;0;0;0.00;0;0;0*
$21576;0.00;0.02;1.02;0.00;0.00;0.00;1.40;15.12;-7.38;0.00;0.00;0.00;-6.31;50.66;0.17;0.00;0.00;0.00;97929.21;23.61;0.06;0.00;E;0.00;N;0.00;0.00;0.00;0.00;0.00;0;0;0;0.00;0;0;0*
$21676;-0.00;0.01;1.03;0.00;0.00;0.00;0.24;2.68;6.52;0.00;0.00;0.00;-7.58;51.56;0.35;0.00;0.00;0.00;97930.25;23.61;0.05;0.00;E;0.00;N;0.00;0.00;0.00;0.00;0.00;0;0;0;0.00;0;0;0*
$21776;0.00;0.02;1.02;0.00;0.00;0.00;2.56;-1.77;-0.79;0.00;0.00;0.00;-7.04;51.75;1.57;0.00;0.00;0.00;97927.22;23.61;0.07;0.00;E;0.00;N;0.00;0.00;0.00;0.00;0.00;0;0;0;0.00;0;0;0*
$21876;0.00;0.02;1.02;0.00;0.00;0.00;0.61;-6.04;-1.83;0.00;0.00;0.00;-8.48;49.93;0.17;0.00;0.00;0.00;97925.25;23.60;0.09;0.00;E;0.00;N;0.00;0.00;0.00;0.00;0.00;0;0;0;0.00;0;0;0*
$21976;0.00;0.01;1.02;0.00;0.00;0.00;1.59;-1.95;1.16;0.00;0.00;0.00;-6.13;50.84;0.70;0.00;0.00;0.00;97928.29;23.61;0.07;0.00;E;0.00;N;0.00;0.00;0.00;0.00;0.00;0;0;0;0.00;0;0;0*
$22076;-0.00;0.01;1.01;0.00;0.00;0.00;2.93;8.84;-7.56;0.00;0.00;0.00;-6.86;50.48;0.00;0.00;0.00;0.00;97924.53;23.60;0.09;0.00;E;0.00;N;0.00;0.00;0.00;0.00;0.00;0;0;0;0.00;0;0;0*
$22176;-0.00;0.02;1.02;0.00;0.00;0.00;0.00;-0.12;1.52;0.00;0.00;0.00;-7.22;51.56;1.39;0.00;0.00;0.00;97926.47;23.60;0.08;0.00;E;0.00;N;0.00;0.00;0.00;0.00;0.00;0;0;0;0.00;0;0;0*
$22276;-0.00;0.02;1.02;0.00;0.00;0.00;-2.13;-3.84;3.66;0.00;0.00;0.00;-6.13;50.84;0.00;0.00;0.00;0.00;97926.91;23.61;0.08;0.00;E;0.00;N;0.00;0.00;0.00;0.00;0.00;0;0;0;0.00;0;0;0*
$22376;-0.00;0.02;1.02;0.00;0.00;0.00;4.09;9.21;3.84;0.00;0.00;0.00;-7.76;49.93;0.52;0.00;0.00;0.00;97926.67;23.60;0.08;0.00;E;0.00;N;0.00;0.00;0.00;0.00;0.00;0;0;0;0.00;0;0;0*
$22476;0.00;0.02;1.02;0.00;0.00;0.00;-3.11;11.04;-7.74;0.00;0.00;0.00;-7.04;51.02;0.52;0.00;0.00;0.00;97927.92;23.60;0.07;0.00;E;0.00;N;0.00;0.00;0.00;0.00;0.00;0;0;0;0.00;0;0;0*
$22576;-0.00;0.01;1.02;0.00;0.00;0.00;0.24;3.72;4.21;0.00;0.00;0.00;-6.86;51.20;0.35;0.00;0.00;0.00;97930.41;23.60;0.05;0.00;E;0.00;N;0.00;0.00;0.00;0.00;0.00;0;0;0;0.00;0;0;0*
$22676;-0.00;0.02;1.02;0.00;0.00;0.00;3.11;-3.60;-8.96;0.00;0.00;0.00;-7.22;50.48;1.04;0.00;0.00;0.00;97931.85;23.61;0.04;0.00;E;0.00;N;0.00;0.00;0.00;0.00;0.00;0;0;0;0.00;0;0;0*
$22776;-0.00;0.02;1.01;0.00;0.00;0.00;2.93;10.85;0.67;0.00;0.00;0.00;-6.31;51.75;1.22;0.00;0.00;0.00;97927.92;23.60;0.07;0.00;E;0.00;N;0.00;0.00;0.00;0.00;0.00;0;0;0;0.00;0;0;0*
$22876;-0.00;0.01;1.02;0.00;0.00;0.00;-1.34;-0.98;-8.60;0.00;0.00;0.00;-6.67;51.38;1.22;0.00;0.00;0.00;97932.21;23.61;0.04;0.00;E;0.00;N;0.00;0.00;0.00;0.00;0.00;0;0;0;0.00;0;0;0*
$22976;-0.00;0.02;1.02;0.00;0.00;0.00;-3.48;4.09;-1.28;0.00;0.00;0.00;-7.04;49.93;0.87;0.00;0.00;0.00;97929.89;23.61;0.05;0.00;E;0.00;N;0.00;0.00;0.00;0.00;0.00;0;0;0;0.00;0;0;0*
$23076;-0.00;0.02;1.01;0.00;0.00;0.00;2.74;-5.43;4.76;0.00;0.00;0.00;-7.04;49.93;0.52;0.00;0.00;0.00;97928.85;23.61;0.06;0.00;E;0.00;N;0.00;0.00;0.00;0.00;0.00;0;0;0;0.00;0;0;0*
$23176;-0.00;0.02;1.02;0.00;0.00;0.00;0.61;0.49;-1.28;0.00;0.00;0.00;-6.13;50.48;1.04;0.00;0.00;0.00;97923.64;23.60;0.10;0.00;E;0.00;N;0.00;0.00;0.00;0.00;0.00;0;0;0;0.00;0;0;0*
$23276;-0.00;0.01;1.02;0.00;0.00;0.00;0.24;0.49;7.62;0.00;0.00;0.00;-7.94;51.93;0.00;0.00;0.00;0.00;97931.48;23.60;0.04;0.00;E;0.00;N;0.00;0.00;0.00;0.00;0.00;0;0;0;0.00;0;0;0*
$23376;0.00;0.01;1.02;0.00;0.00;0.00;-3.11;6.16;4.21;0.00;0.00;0.00;-7.04;49.57;0.52;0.00;0.00;0.00;97931.52;23.61;0.04;0.00;E;0.00;N;0.00;0.00;0.00;0.00;0.00;0;0;0;0.00;0;0;0*
$23476;-0.00;0.01;1.02;0.00;0.00;0.00;1.40;1.28;-0.24;0.00;0.00;0.00;-7.94;50.84;0.35;0.00;0.00;0.00;97928.10;23.60;0.07;0.00;E;0.00;N;0.00;0.00;0.00;0.00;0.00;0;0;0;0.00;0;0;0*
$23576;-0.00;0.02;1.02;0.00;0.00;0.00;-5.43;5.37;7.99;0.00;0.00;0.00;-7.94;50.84;1.04;0.00;0.00;0.00;97932.03;23.61;0.04;0.00;E;0.00;N;0.00;0.00;0.00;0.00;0.00;0;0;0;0.00;0;0;0*
$23676;-0.00;0.02;1.02;0.00;0.00;0.00;-2.32;-7.26;-6.83;0.00;0.00;0.00;-5.95;51.75;-0.17;0.00;0.00;0.00;97928.29;23.61;0.07;0.00;E;0.00;N;0.00;0.00;0.00;0.00;0.00;0;0;0;0.00;0;0;0*
$23776;-0.00;0.01;1.01;0.00;0.00;0.00;0.43;-7.01;5.98;0.00;0.00;0.00;-6.13;50.84;0.35;0.00;0.00;0.00;97929.38;23.61;0.06;0.00;E;0.00;N;0.00;0.00;0.00;0.00;0.00;0;0;0;0.00;0;0;0*
$23876;-0.00;0.02;1.02;0.00;0.00;0.00;1.22;-7.26;2.80;0.00;0.00;0.00;-7.40;49.57;-0.17;0.00;0.00;0.00;97929.86;23.60;0.06;0.00;E;0.00;N;0.00;0.00;0.00;0.00;0.00;0;0;0;0.00;0;0;0*
$23976;-0.00;0.01;1.02;0.00;0.00;0.00;1.59;5.73;1.34;0.00;0.00;0.00;-6.86;49.02;0.00;0.00;0.00;0.00;97927.96;23.61;0.07;0.00;E;0.00;N;0.00;0.00;0.00;0.00;0.00;0;0;0;0.00;0;0;0*
$24076;-0.01;0.01;1.02;0.00;0.00;0.00;1.95;-3.84;-3.11;0.00;0.00;0.00;-7.04;51.75;0.87;0.00;0.00;0.00;97930.07;23.61;0.05;0.00;E;0.00;N;0.00;0.00;0.00;0.00;0.00;0;0;0;0.00;0;0;0*
$24176;-0.00;0.02;1.02;0.00;0.00;0.00;-2.68;-4.63;-0.06;0.00;0.00;0.00;-6.67;49.57;-1.22;0.00;0.00;0.00;97931.35;23.61;0.04;0.00;E;0.00;N;0.00;0.00;0.00;0.00;0.00;0;0;0;0.00;0;0;0*
$24276;-0.01;0.02;1.02;0.00;0.00;0.00;4.09;8.60;-7.20;0.00;0.00;0.00;-6.49;50.84;0.70;0.00;0.00;0.00;97934.74;23.61;0.02;0.00;E;0.00;N;0.00;0.00;0.00;0.00;0.00;0;0;0;0.00;0;0;0*
$24376;-0.00;0.01;1.02;0.00;0.00;0.00;-2.50;1.04;4.76;0.00;0.00;0.00;-6.13;50.84;0.35;0.00;0.00;0.00;97932.39;23.61;0.04;0.00;E;0.00;N;0.00;0.00;0.00;0.00;0.00;0;0;0;0.00;0;0;0*
$24476;0.00;0.02;1.02;0.00;0.00;0.00;0.79;1.89;0.85;0.00;0.00;0.00;-6.49;50.84;1.39;0.00;0.00;0.00;97931.67;23.61;0.04;0.00;E;0.00;N;0.00;0.00;0.00;0.00;0.00;0;0;0;0.00;0;0;0*
$24576;0.00;0.02;1.02;0.00;0.00;0.00;2.13;1.46;3.17;0.00;0.00;0.00;-5.95;49.93;1.22;0.00;0.00;0.00;97934.36;23.61;0.02;0.00;E;0.00;N;0.00;0.00;0.00;0.00;0.00;0;0;0;0.00;0;0;0*
$24676;-0.00;0.02;1.02;0.00;0.00;0.00;-2.32;0.49;12.44;0.00;0.00;0.00;-6.86;51.20;1.74;0.00;0.00;0.00;97932.21;23.61;0.04;0.00;E;0.00;N;0.00;0.00;0.00;0.00;0.00;0;0;0;0.00;0;0;0*
$24776;-0.00;0.02;1.02;0.00;0.00;0.00;-1.52;9.21;3.48;0.00;0.00;0.00;-7.58;49.75;2.44;0.00;0.00;0.00;97933.10;23.61;0.03;0.00;E;0.00;N;0.00;0.00;0.00;0.00;0.00;0;0;0;0.00;0;0;0*
$24876;0.00;0.02;1.02;0.00;0.00;0.00;1.59;-4.45;1.71;0.00;0.00;0.00;-7.04;49.57;-0.17;0.00;0.00;0.00;97935.97;23.61;0.01;0.00;E;0.00;N;0.00;0.00;0.00;0.00;0.00;0;0;0;0.00;0;0;0*
$24976;-0.00;0.02;1.03;0.00;0.00;0.00;-1.52;-0.37;4.76;0.00;0.00;0.00;-7.22;50.84;1.39;0.00;0.00;0.00;97937.22;23.61;0.00;0.00;E;0.00;N;0.00;0.00;0.00;0.00;0.00;0;0;0;0.00;0;0;0*
$25076;-0.00;0.01;1.01;0.00;0.00;0.00;-1.71;-7.26;-4.33;0.00;0.00;0.00;-7.22;50.84;0.70;0.00;0.00;0.00;97934.74;23.61;0.02;0.00;E;0.00;N;0.00;0.00;0.00;0.00;0.00;0;0;0;0.00;0;0;0*
$25176;-0.00;0.02;1.02;0.00;0.00;0.00;3.90;0.85;8.66;0.00;0.00;0.00;-6.86;50.48;-0.70;0.00;0.00;0.00;97933.46;23.61;0.03;0.00;E;0.00;N;0.00;0.00;0.00;0.00;0.00;0;0;0;0.00;0;0;0*
$25276;-0.00;0.02;1.02;0.00;0.00;0.00;0.61;10.67;5.67;0.00;0.00;0.00;-7.76;50.29;0.52;0.00;0.00;0.00;97937.39;23.61;0.00;0.00;E;0.00;N;0.00;0.00;0.00;0.00;0.00;0;0;0;0.00;0;0;0*
$25376;-0.00;0.02;1.02;0.00;0.00;0.00;-0.55;8.23;-2.01;0.00;0.00;0.00;-6.86;50.84;0.35;0.00;0.00;0.00;97932.58;23.61;0.04;0.00;E;0.00;N;0.00;0.00;0.00;0.00;0.00;0;0;0;0.00;0;0;0*
$25476;-0.00;0.01;1.02;0.00;0.00;0.00;2.56;1.46;0.67;0.00;0.00;0.00;-7.04;51.02;1.91;0.00;0.00;0.00;97935.82;23.61;0.01;0.00;E;0.00;N;0.00;0.00;0.00;0.00;0.00;0;0;0;0.00;0;0;0*
$25576;-0.00;0.02;1.02;0.00;0.00;0.00;-0.37;-7.87;7.26;0.00;0.00;0.00;-8.12;50.66;1.22;0.00;0.00;0.00;97934.72;23.61;0.02;0.00;E;0.00;N;0.00;0.00;0.00;0.00;0.00;0;0;0;0.00;0;0;0*
$25676;-0.00;0.02;1.02;0.00;0.00;0.00;0.79;-13.60;14.02;0.00;0.00;0.00;-7.22;50.84;1.39;0.00;0.00;0.00;97935.08;23.61;0.02;0.00;E;0.00;N;0.00;0.00;0.00;0.00;0.00;0;0;0;0.00;0;0;0*
$25776;0.00;0.02;1.02;0.00;0.00;0.00;-0.98;1.89;0.85;0.00;0.00;0.00;-7.94;50.48;1.04;0.00;0.00;0.00;97933.30;23.61;0.03;0.00;E;0.00;N;0.00;0.00;0.00;0.00;0.00;0;0;0;0.00;0;0;0*
$25876;-0.00;0.02;1.02;0.00;0.00;0.00;0.98;-0.61;1.04;0.00;0.00;0.00;-7.22;50.84;0.70;0.00;0.00;0.00;97934.00;23.61;0.03;0.00;E;0.00;N;0.00;0.00;0.00;0.00;0.00;0;0;0;0.00;0;0;0*
$25976;-0.00;0.01;1.02;0.00;0.00;0.00;-0.37;-3.84;1.89;0.00;0.00;0.00;-7.76;50.29;-0.87;0.00;0.00;0.00;97931.53;23.61;0.04;0.00;E;0.00;N;0.00;0.00;0.00;0.00;0.00;0;0;0;0.00;0;0;0*
$26076;0.00;0.02;1.01;0.00;0.00;0.00;2.13;7.38;4.21;0.00;0.00;0.00;-8.30;50.84;-0.70;0.00;0.00;0.00;97933.30;23.61;0.03;0.00;E;0.00;N;0.00;0.00;0.00;0.00;0.00;0;0;0;0.00;0;0;0*
$26176;-0.00;0.02;1.02;0.00;0.00;0.00;-1.52;12.68;-2.93;0.00;0.00;0.00;-6.86;50.48;1.04;0.00;0.00;0.00;97931.16;23.61;0.05;0.00;E;0.00;N;0.00;0.00;0.00;0.00;0.00;0;0;0;0.00;0;0;0*
$26276;-0.00;0.01;1.02;0.00;0.00;0.00;2.13;5.73;1.89;0.00;0.00;0.00;-6.67;50.66;1.22;0.00;0.00;0.00;97932.03;23.61;0.04;0.00;E;0.00;N;0.00;0.00;0.00;0.00;0.00;0;0;0;0.00;0;0;0*
$26376;-0.00;0.02;1.02;0.00;0.00;0.00;-2.50;14.88;-11.28;0.00;0.00;0.00;-6.49;50.84;0.35;0.00;0.00;0.00;97933.30;23.61;0.03;0.00;E;0.00;N;0.00;0.00;0.00;0.00;0.00;0;0;0;0.00;0;0;0*
$26476;-0.00;0.02;1.02;0.00;0.00;0.00;-2.50;1.10;5.98;0.00;0.00;0.00;-6.86;50.11;-0.70;0.00;0.00;0.00;97931.17;23.61;0.05;0.00;E;0.00;N;0.00;0.00;0.00;0.00;0.00;0;0;0;0.00;0;0;0*
$26576;-0.00;0.02;1.02;0.00;0.00;0.00;4.33;2.68;4.21;0.00;0.00;0.00;-5.95;50.29;0.52;0.00;0.00;0.00;97930.64;23.61;0.05;0.00;E;0.00;N;0.00;0.00;0.00;0.00;0.00;0;0;0;0.00;0;0;0*
$26676;-0.00;0.01;1.02;0.00;0.00;0.00;4.70;-0.98;-1.65;0.00;0.00;0.00;-5.77;50.48;0.35;0.00;0.00;0.00;97930.80;23.61;0.05;0.00;E;0.00;N;0.00;0.00;0.00;0.00;0.00;0;0;0;0.00;0;0;0*
$26776;-0.00;0.01;1.01;0.00;0.00;0.00;3.11;3.11;3.84;0.00;0.00;0.00;-5.77;50.11;-0.35;0.00;0.00;0.00;97934.03;23.62;0.03;0.00;E;0.00;N;0.00;0.00;0.00;0.00;0.00;0;0;0;0.00;0;0;0*
$26876;0.00;0.01;1.02;0.00;0.00;0.00;-5.00;7.56;-7.74;0.00;0.00;0.00;-6.67;51.75;1.22;0.00;0.00;0.00;97932.60;23.61;0.04;0.00;E;0.00;N;0.00;0.00;0.00;0.00;0.00;0;0;0;0.00;0;0;0*
$26976;-0.00;0.02;1.02;0.00;0.00;0.00;-0.73;1.28;-8.41;0.00;0.00;0.00;-7.76;51.02;0.17;0.00;0.00;0.00;97932.23;23.61;0.04;0.00;E;0.00;N;0.00;0.00;0.00;0.00;0.00;0;0;0;0.00;0;0;0*
$27076;0.00;0.02;1.02;0.00;0.00;0.00;0.61;-5.06;-1.46;0.00;0.00;0.00;-7.22;51.93;1.74;0.00;0.00;0.00;97932.78;23.61;0.03;0.00;E;0.00;N;0.00;0.00;0.00;0.00;0.00;0;0;0;0.00;0;0;0*
$27176;-0.00;0.01;1.02;0.00;0.00;0.00;1.95;-2.38;-5.43;0.00;0.00;0.00;-7.04;50.29;0.17;0.00;0.00;0.00;97932.23;23.61;0.04;0.00;E;0.00;N;0.00;0.00;0.00;0.00;0.00;0;0;0;0.00;0;0;0*
$27276;0.00;0.01;1.02;0.00;0.00;0.00;4.70;7.80;-1.46;0.00;0.00;0.00;-6.86;49.75;0.70;0.00;0.00;0.00;97931.03;23.62;0.05;0.00;E;0.00;N;0.00;0.00;0.00;0.00;0.00;0;0;0;0.00;0;0;0*
$27376;0.00;0.02;1.02;0.00;0.00;0.00;-5.79;-1.34;-1.46;0.00;0.00;0.00;-6.13;50.48;1.39;0.00;0.00;0.00;97932.96;23.61;0.03;0.00;E;0.00;N;0.00;0.00;0.00;0.00;0.00;0;0;0;0.00;0;0;0*
$27476;-0.00;0.02;1.02;0.00;0.00;0.00;-0.55;-11.95;-1.16;0.00;0.00;0.00;-7.58;49.39;0.00;0.00;0.00;0.00;97933.84;23.61;0.03;0.00;E;0.00;N;0.00;0.00;0.00;0.00;0.00;0;0;0;0.00;0;0;0*
$27576;0.00;0.02;1.02;0.00;0.00;0.00;0.24;3.48;-0.06;0.00;0.00;0.00;-6.31;50.29;1.57;0.00;0.00;0.00;97934.92;23.61;0.02;0.00;E;0.00;N;0.00;0.00;0.00;0.00;0.00;0;0;0;0.00;0;0;0*
$27676;-0.00;0.02;1.02;0.00;0.00;0.00;-2.13;1.46;11.34;0.00;0.00;0.00;-7.58;51.20;1.39;0.00;0.00;0.00;97935.46;23.62;0.02;0.00;E;0.00;N;0.00;0.00;0.00;0.00;0.00;0;0;0;0.00;0;0;0*
$27776;-0.00;0.01;1.02;0.00;0.00;0.00;-0.55;4.51;2.07;0.00;0.00;0.00;-7.58;50.84;1.04;0.00;0.00;0.00;97938.13;23.62;-0.00;0.00;E;0.00;N;0.00;0.00;0.00;0.00;0.00;0;0;0;0.00;0;0;0*
$27876;-0.00;0.02;1.02;0.00;0.00;0.00;-0.73;1.22;0.85;0.00;0.00;0.00;-7.94;51.20;1.39;0.00;0.00;0.00;97935.62;23.61;0.01;0.00;E;0.00;N;0.00;0.00;0.00;0.00;0.00;0;0;0;0.00;0;0;0*
$27976;-0.00;0.02;1.02;0.00;0.00;0.00;2.13;2.93;-7.74;0.00;0.00;0.00;-6.13;50.84;0.00;0.00;0.00;0.00;97935.80;23.61;0.01;0.00;E;0.00;N;0.00;0.00;0.00;0.00;0.00;0;0;0;0.00;0;0;0*
$28076;-0.00;0.02;1.02;0.00;0.00;0.00;-2.32;-2.20;2.07;0.00;0.00;0.00;-6.49;50.11;1.39;0.00;0.00;0.00;97937.96;23.62;-0.00;0.00;E;0.00;N;0.00;0.00;0.00;0.00;0.00;0;0;0;0.00;0;0;0*
$28176;-0.00;0.02;1.02;0.00;0.00;0.00;-0.37;2.07;-0.98;0.00;0.00;0.00;-5.95;49.93;0.17;0.00;0.00;0.00;97934.21;23.62;0.02;0.00;E;0.00;N;0.00;0.00;0.00;0.00;0.00;0;0;0;0.00;0;0;0*
$28276;-0.00;0.02;1.02;0.00;0.00;0.00;1.95;-2.20;3.17;0.00;0.00;0.00;-6.13;50.48;0.70;0.00;0.00;0.00;97932.60;23.61;0.04;0.00;E;0.00;N;0.00;0.00;0.00;0.00;0.00;0;0;0;0.00;0;0;0*
$28376;-0.00;0.02;1.02;0.00;0.00;0.00;-2.32;13.66;-0.24;0.00;0.00;0.00;-7.94;49.75;0.70;0.00;0.00;0.00;97935.62;23.61;0.01;0.00;E;0.00;N;0.00;0.00;0.00;0.00;0.00;0;0;0;0.00;0;0;0*
$28476;0.00;0.02;1.01;0.00;0.00;0.00;-0.98;3.54;5.49;0.00;0.00;0.00;-8.84;52.11;0.17;0.00;0.00;0.00;97934.36;23.61;0.02;0.00;E;0.00;N;0.00;0.00;0.00;0.00;0.00;0;0;0;0.00;0;0;0*
$28576;0.00;0.02;1.02;0.00;0.00;0.00;2.74;4.94;5.98;0.00;0.00;0.00;-7.76;50.29;-0.52;0.00;0.00;0.00;97932.06;23.61;0.04;0.00;E;0.00;N;0.00;0.00;0.00;0.00;0.00;0;0;0;0.00;0;0;0*
$28676;-0.01;0.02;1.02;0.00;0.00;0.00;1.59;4.76;3.84;0.00;0.00;0.00;-7.40;49.93;0.87;0.00;0.00;0.00;97932.25;23.61;0.04;0.00;E;0.00;N;0.00;0.00;0.00;0.00;0.00;0;0;0;0.00;0;0;0*
$28776;0.00;0.02;1.02;0.00;0.00;0.00;1.95;6.34;0.85;0.00;0.00;0.00;-6.67;49.93;0.52;0.00;0.00;0.00;97935.47;23.62;0.02;0.00;E;0.00;N;0.00;0.00;0.00;0.00;0.00;0;0;0;0.00;0;0;0*
$28876;-0.00;0.02;1.02;0.00;0.00;0.00;6.04;1.89;1.04;0.00;0.00;0.00;-7.58;50.84;-0.35;0.00;0.00;0.00;97937.75;23.61;-0.00;0.00;E;0.00;N;0.00;0.00;0.00;0.00;0.00;0;0;0;0.00;0;0;0*
$28976;-0.00;0.02;1.02;0.00;0.00;0.00;-0.18;8.60;14.57;0.00;0.00;0.00;-6.49;49.75;0.35;0.00;0.00;0.00;97934.41;23.62;0.02;0.00;E;0.00;N;0.00;0.00;0.00;0.00;0.00;0;0;0;0.00;0;0;0*
$29076;0.00;0.02;1.02;0.00;0.00;0.00;-1.34;11.28;5.49;0.00;0.00;0.00;-7.76;49.93;0.17;0.00;0.00;0.00;97933.84;23.61;0.03;0.00;E;0.00;N;0.00;0.00;0.00;0.00;0.00;0;0;0;0.00;0;0;0*
$29176;0.00;0.02;1.02;0.00;0.00;0.00;-3.11;4.76;-1.83;0.00;0.00;0.00;-7.40;51.75;-0.17;0.00;0.00;0.00;97937.96;23.62;-0.00;0.00;E;0.00;N;0.00;0.00;0.00;0.00;0.00;0;0;0;0.00;0;0;0*
$29276;-0.00;0.02;1.02;0.00;0.00;0.00;-5.00;0.49;4.94;0.00;0.00;0.00;-5.95;48.84;-0.52;0.00;0.00;0.00;97940.11;23.62;-0.02;0.00;E;0.00;N;0.00;0.00;0.00;0.00;0.00;0;0;0;0.00;0;0;0*
$29376;0.00;0.01;1.02;0.00;0.00;0.00;-1.89;5.98;-7.93;0.00;0.00;0.00;-9.20;50.66;0.17;0.00;0.00;0.00;97938.49;23.62;-0.01;0.00;E;0.00;N;0.00;0.00;0.00;0.00;0.00;0;0;0;0.00;0;0;0*
$29476;0.00;0.02;1.02;0.00;0.00;0.00;-4.09;3.72;1.16;0.00;0.00;0.00;-5.95;49.93;1.22;0.00;0.00;0.00;97937.60;23.62;0.00;0.00;E;0.00;N;0.00;0.00;0.00;0.00;0.00;0;0;0;0.00;0;0;0*
$29576;0.00;0.02;1.02;0.00;0.00;0.00;-0.18;-8.29;6.52;0.00;0.00;0.00;-7.76;50.66;0.52;0.00;0.00;0.00;97939.71;23.61;-0.01;0.00;E;0.00;N;0.00;0.00;0.00;0.00;0.00;0;0;0;0.00;0;0;0*
$29676;0.00;0.02;1.01;0.00;0.00;0.00;2.38;-11.77;1.71;0.00;0.00;0.00;-5.77;51.93;0.70;0.00;0.00;0.00;97937.04;23.61;0.00;0.00;E;0.00;N;0.00;0.00;0.00;0.00;0.00;0;0;0;0.00;0;0;0*
$29776;-0.00;0.02;1.01;0.00;0.00;0.00;0.79;5.55;3.35;0.00;0.00;0.00;-8.30;50.84;0.70;0.00;0.00;0.00;97938.64;23.61;-0.01;0.00;E;0.00;N;0.00;0.00;0.00;0.00;0.00;0;0;0;0.00;0;0;0*
$29876;-0.00;0.02;1.02;0.00;0.00;0.00;-0.98;1.65;5.12;0.00;0.00;0.00;-6.67;49.57;-0.87;0.00;0.00;0.00;97939.17;23.61;-0.01;0.00;E;0.00;N;0.00;0.00;0.00;0.00;0.00;0;0;0;0.00;0;0;0*
$29976;0.00;0.02;1.02;0.00;0.00;0.00;4.33;6.77;-0.43;0.00;0.00;0.00;-6.67;50.29;1.22;0.00;0.00;0.00;97939.89;23.61;-0.02;0.00;E;0.00;N;0.00;0.00;0.00;0.00;0.00;0;0;0;0.00;0;0;0*
$30076;-0.00;0.02;1.02;0.00;0.00;0.00;5.24;5.55;-5.24;0.00;0.00;0.00;-6.13;50.48;0.35;0.00;0.00;0.00;97937.39;23.61;0.00;0.00;E;0.00;N;0.00;0.00;0.00;0.00;0.00;0;0;0;0.00;0;0;0*
$30176;0.00;0.01;1.02;0.00;0.00;0.00;-2.50;3.29;8.11;0.00;0.00;0.00;-7.94;50.84;0.00;0.00;0.00;0.00;97935.25;23.61;0.02;0.00;E;0.00;N;0.00;0.00;0.00;0.00;0.00;0;0;0;0.00;0;0;0*
$30276;-0.00;0.02;1.02;0.00;0.00;0.00;-0.73;-1.77;-2.20;0.00;0.00;0.00;-7.22;49.02;0.70;0.00;0.00;0.00;97939.00;23.61;-0.01;0.00;E;0.00;N;0.00;0.00;0.00;0.00;0.00;0;0;0;0.00;0;0;0*
$30376;-0.00;0.02;1.01;0.00;0.00;0.00;1.40;2.50;8.11;0.00;0.00;0.00;-7.04;51.38;-0.17;0.00;0.00;0.00;97938.66;23.62;-0.01;0.00;E;0.00;N;0.00;0.00;0.00;0.00;0.00;0;0;0;0.00;0;0;0*
$30476;-0.00;0.01;1.02;0.00;0.00;0.00;1.40;3.29;5.12;0.00;0.00;0.00;-7.04;51.02;0.17;0.00;0.00;0.00;97937.96;23.62;-0.00;0.00;E;0.00;N;0.00;0.00;0.00;0.00;0.00;0;0;0;0.00;0;0;0*
$30576;0.00;0.01;1.02;0.00;0.00;0.00;2.93;-1.59;-3.29;0.00;0.00;0.00;-7.04;51.02;0.52;0.00;0.00;0.00;97935.80;23.61;0.01;0.00;E;0.00;N;0.00;0.00;0.00;0.00;0.00;0;0;0;0.00;0;0;0*
$30676;-0.00;0.01;1.02;0.00;0.00;0.00;0.79;-10.30;-0.98;0.00;0.00;0.00;-8.12;49.57;-0.52;0.00;0.00;0.00;97939.05;23.62;-0.01;0.00;E;0.00;N;0.00;0.00;0.00;0.00;0.00;0;0;0;0.00;0;0;0*
$30776;-0.00;0.02;1.02;0.00;0.00;0.00;-2.68;-5.06;7.44;0.00;0.00;0.00;-8.30;50.48;0.35;0.00;0.00;0.00;97934.60;23.62;0.02;0.00;E;0.00;N;0.00;0.00;0.00;0.00;0.00;0;0;0;0.00;0;0;0*
$30876;0.00;0.02;1.02;0.00;0.00;0.00;-1.52;-8.72;5.79;0.00;0.00;0.00;-6.49;49.39;0.35;0.00;0.00;0.00;97938.52;23.62;-0.01;0.00;E;0.00;N;0.00;0.00;0.00;0.00;0.00;0;0;0;0.00;0;0;0*
$30976;-0.00;0.02;1.02;0.00;0.00;0.00;0.79;10.43;-11.28;0.00;0.00;0.00;-7.22;50.11;1.04;0.00;0.00;0.00;97936.00;23.63;0.01;0.00;E;0.00;N;0.00;0.00;0.00;0.00;0.00;0;0;0;0.00;0;0;0*
$31076;0.00;0.01;1.02;0.00;0.00;0.00;1.40;5.12;-2.38;0.00;0.00;0.00;-5.95;49.20;0.52;0.00;0.00;0.00;97933.71;23.62;0.03;0.00;E;0.00;N;0.00;0.00;0.00;0.00;0.00;0;0;0;0.00;0;0;0*
$31176;0.00;0.01;1.03;0.00;0.00;0.00;-2.50;8.60;-5.61;0.00;0.00;0.00;-6.31;51.38;0.87;0.00;0.00;0.00;97932.99;23.62;0.03;0.00;E;0.00;N;0.00;0.00;0.00;0.00;0.00;0;0;0;0.00;0;0;0*
$31276;0.00;0.02;1.02;0.00;0.00;0.00;4.88;4.33;4.39;0.00;0.00;0.00;-8.30;49.75;0.00;0.00;0.00;0.00;97933.35;23.62;0.03;0.00;E;0.00;N;0.00;0.00;0.00;0.00;0.00;0;0;0;0.00;0;0;0*
$31376;-0.00;0.02;1.02;0.00;0.00;0.00;3.90;4.33;-4.33;0.00;0.00;0.00;-7.76;50.29;1.22;0.00;0.00;0.00;97933.87;23.62;0.03;0.00;E;0.00;N;0.00;0.00;0.00;0.00;0.00;0;0;0;0.00;0;0;0*
$31476;-0.00;0.01;1.02;0.00;0.00;0.00;2.13;-2.38;-7.01;0.00;0.00;0.00;-6.13;50.11;0.70;0.00;0.00;0.00;97929.93;23.61;0.05;0.00;E;0.00;N;0.00;0.00;0.00;0.00;0.00;0;0;0;0.00;0;0;0*
$31576;0.00;0.02;1.02;0.00;0.00;0.00;0.79;2.26;-8.60;0.00;0.00;0.00;-7.40;51.02;1.57;0.00;0.00;0.00;97930.32;23.62;0.05;0.00;E;0.00;N;0.00;0.00;0.00;0.00;0.00;0;0;0;0.00;0;0;0*
$31676;0.00;0.02;1.01;0.00;0.00;0.00;2.74;1.89;-5.24;0.00;0.00;0.00;-8.30;50.11;-0.35;0.00;0.00;0.00;97926.03;23.62;0.08;0.00;E;0.00;N;0.00;0.00;0.00;0.00;0.00;0;0;0;0.00;0;0;0*
$31776;-0.00;0.02;1.02;0.00;0.00;0.00;1.95;1.28;-11.83;0.00;0.00;0.00;-6.86;50.84;0.35;0.00;0.00;0.00;97930.49;23.63;0.05;0.00;E;0.00;N;0.00;0.00;0.00;0.00;0.00;0;0;0;0.00;0;0;0*
$31876;-0.00;0.01;1.02;0.00;0.00;0.00;1.22;-5.24;3.84;0.00;0.00;0.00;-8.48;51.02;0.17;0.00;0.00;0.00;97932.10;23.62;0.04;0.00;E;0.00;N;0.00;0.00;0.00;0.00;0.00;0;0;0;0.00;0;0;0*
$31976;0.00;0.01;1.02;0.00;0.00;0.00;1.59;0.24;-0.79;0.00;0.00;0.00;-6.49;49.75;1.04;0.00;0.00;0.00;97932.46;23.62;0.04;0.00;E;0.00;N;0.00;0.00;0.00;0.00;0.00;0;0;0;0.00;0;0;0*
$32076;-0.00;0.02;1.02;0.00;0.00;0.00;1.59;-5.24;5.12;0.00;0.00;0.00;-6.13;49.39;0.00;0.00;0.00;0.00;97931.74;23.62;0.04;0.00;E;0.00;N;0.00;0.00;0.00;0.00;0.00;0;0;0;0.00;0;0;0*
$32176;-0.00;0.02;1.02;0.00;0.00;0.00;-2.68;-0.98;-8.96;0.00;0.00;0.00;-6.49;50.48;1.04;0.00;0.00;0.00;97928.55;23.62;0.06;0.00;E;0.00;N;0.00;0.00;0.00;0.00;0.00;0;0;0;0.00;0;0;0*
$32276;-0.01;0.02;1.02;0.00;0.00;0.00;3.11;-1.95;-7.93;0.00;0.00;0.00;-7.22;49.39;0.00;0.00;0.00;0.00;97928.89;23.62;0.06;0.00;E;0.00;N;0.00;0.00;0.00;0.00;0.00;0;0;0;0.00;0;0;0*
$32376;-0.00;0.02;1.03;0.00;0.00;0.00;1.22;6.52;-5.91;0.00;0.00;0.00;-8.12;49.57;-0.17;0.00;0.00;0.00;97926.03;23.62;0.08;0.00;E;0.00;N;0.00;0.00;0.00;0.00;0.00;0;0;0;0.00;0;0;0*
$32476;0.00;0.02;1.02;0.00;0.00;0.00;2.74;3.54;-4.33;0.00;0.00;0.00;-7.04;51.02;0.17;0.00;0.00;0.00;97927.82;23.62;0.07;0.00;E;0.00;N;0.00;0.00;0.00;0.00;0.00;0;0;0;0.00;0;0;0*
$32576;-0.00;0.01;1.01;0.00;0.00;0.00;0.98;7.56;-2.56;0.00;0.00;0.00;-5.95;50.66;0.87;0.00;0.00;0.00;97926.03;23.62;0.08;0.00;E;0.00;N;0.00;0.00;0.00;0.00;0.00;0;0;0;0.00;0;0;0*
$32676;-0.00;0.02;1.01;0.00;0.00;0.00;-1.71;-2.38;-3.60;0.00;0.00;0.00;-7.04;49.57;1.22;0.00;0.00;0.00;97926.05;23.62;0.08;0.00;E;0.00;N;0.00;0.00;0.00;0.00;0.00;0;0;0;0.00;0;0;0*
$32776;-0.00;0.01;1.02;0.00;0.00;0.00;3.11;4.70;-5.43;0.00;0.00;0.00;-7.04;49.57;1.22;0.00;0.00;0.00;97927.82;23.62;0.07;0.00;E;0.00;N;0.00;0.00;0.00;0.00;0.00;0;0;0;0.00;0;0;0*
$32876;-0.00;0.02;1.02;0.00;0.00;0.00;-1.89;-4.27;-12.01;0.00;0.00;0.00;-7.04;51.38;-0.87;0.00;0.00;0.00;97928.00;23.62;0.07;0.00;E;0.00;N;0.00;0.00;0.00;0.00;0.00;0;0;0;0.00;0;0;0*
$32976;0.00;0.02;1.02;0.00;0.00;0.00;1.40;8.35;-3.60;0.00;0.00;0.00;-9.02;50.48;-0.35;0.00;0.00;0.00;97927.80;23.62;0.07;0.00;E;0.00;N;0.00;0.00;0.00;0.00;0.00;0;0;0;0.00;0;0;0*
$33076;-0.00;0.02;1.03;0.00;0.00;0.00;2.38;-0.73;8.66;0.00;0.00;0.00;-7.58;50.84;0.70;0.00;0.00;0.00;97926.04;23.62;0.08;0.00;E;0.00;N;0.00;0.00;0.00;0.00;0.00;0;0;0;0.00;0;0;0*
$33176;-0.00;0.01;1.02;0.00;0.00;0.00;-2.13;-0.37;-7.56;0.00;0.00;0.00;-7.94;50.48;0.35;0.00;0.00;0.00;97923.21;23.62;0.10;0.00;E;0.00;N;0.00;0.00;0.00;0.00;0.00;0;0;0;0.00;0;0;0*
$33276;-0.00;0.02;1.02;0.00;0.00;0.00;-3.29;2.93;4.39;0.00;0.00;0.00;-7.22;49.75;1.39;0.00;0.00;0.00;97927.83;23.62;0.07;0.00;E;0.00;N;0.00;0.00;0.00;0.00;0.00;0;0;0;0.00;0;0;0*
$33376;0.00;0.01;1.02;0.00;0.00;0.00;-0.98;-2.80;1.34;0.00;0.00;0.00;-7.04;50.66;0.52;0.00;0.00;0.00;97929.07;23.62;0.06;0.00;E;0.00;N;0.00;0.00;0.00;0.00;0.00;0;0;0;0.00;0;0;0*
$33476;0.00;0.01;1.01;0.00;0.00;0.00;-0.98;5.30;-7.74;0.00;0.00;0.00;-8.30;51.56;0.70;0.00;0.00;0.00;97926.05;23.62;0.08;0.00;E;0.00;N;0.00;0.00;0.00;0.00;0.00;0;0;0;0.00;0;0;0*
$33576;-0.00;0.02;1.01;0.00;0.00;0.00;2.93;-5.06;-1.16;0.00;0.00;0.00;-7.94;50.48;-1.04;0.00;0.00;0.00;97925.34;23.62;0.09;0.00;E;0.00;N;0.00;0.00;0.00;0.00;0.00;0;0;0;0.00;0;0;0*
$33676;0.00;0.02;1.02;0.00;0.00;0.00;0.79;1.46;1.04;0.00;0.00;0.00;-7.94;49.75;2.09;0.00;0.00;0.00;97929.07;23.62;0.06;0.00;E;0.00;N;0.00;0.00;0.00;0.00;0.00;0;0;0;0.00;0;0;0*
$33776;-0.00;0.02;1.02;0.00;0.00;0.00;2.74;7.01;3.66;0.00;0.00;0.00;-7.22;50.48;0.70;0.00;0.00;0.00;97926.39;23.62;0.08;0.00;E;0.00;N;0.00;0.00;0.00;0.00;0.00;0;0;0;0.00;0;0;0*
$33876;0.00;0.02;1.02;0.00;0.00;0.00;-0.73;4.09;-6.10;0.00;0.00;0.00;-8.30;49.39;1.04;0.00;0.00;0.00;97923.73;23.62;0.10;0.00;E;0.00;N;0.00;0.00;0.00;0.00;0.00;0;0;0;0.00;0;0;0*
$33976;0.01;0.02;1.01;0.00;0.00;0.00;-1.52;0.61;1.04;0.00;0.00;0.00;-5.95;50.29;1.57;0.00;0.00;0.00;97925.69;23.62;0.08;0.00;E;0.00;N;0.00;0.00;0.00;0.00;0.00;0;0;0;0.00;0;0;0*
$34076;-0.00;0.01;1.02;0.00;0.00;0.00;-0.37;6.59;1.34;0.00;0.00;0.00;-8.12;51.75;0.52;0.00;0.00;0.00;97925.86;23.62;0.08;0.00;E;0.00;N;0.00;0.00;0.00;0.00;0.00;0;0;0;0.00;0;0;0*
$34176;0.00;0.01;1.02;0.00;0.00;0.00;-0.73;5.55;5.30;0.00;0.00;0.00;-7.04;51.38;0.17;0.00;0.00;0.00;97925.50;23.63;0.09;0.00;E;0.00;N;0.00;0.00;0.00;0.00;0.00;0;0;0;0.00;0;0;0*
$34276;-0.00;0.02;1.02;0.00;0.00;0.00;-0.73;8.78;3.35;0.00;0.00;0.00;-7.76;50.66;0.87;0.00;0.00;0.00;97925.69;23.62;0.08;0.00;E;0.00;N;0.00;0.00;0.00;0.00;0.00;0;0;0;0.00;0;0;0*
$34376;-0.00;0.02;1.02;0.00;0.00;0.00;2.74;8.60;1.52;0.00;0.00;0.00;-8.66;51.56;0.70;0.00;0.00;0.00;97924.78;23.63;0.09;0.00;E;0.00;N;0.00;0.00;0.00;0.00;0.00;0;0;0;0.00;0;0;0*
$34476;0.00;0.02;1.02;0.00;0.00;0.00;-1.71;-7.87;11.34;0.00;0.00;0.00;-7.76;51.02;1.57;0.00;0.00;0.00;97927.99;23.63;0.07;0.00;E;0.00;N;0.00;0.00;0.00;0.00;0.00;0;0;0;0.00;0;0;0*
$34576;-0.00;0.02;1.02;0.00;0.00;0.00;0.43;-10.12;12.62;0.00;0.00;0.00;-7.58;50.84;1.04;0.00;0.00;0.00;97922.31;23.63;0.11;0.00;E;0.00;N;0.00;0.00;0.00;0.00;0.00;0;0;0;0.00;0;0;0*
$34676;0.00;0.01;1.02;0.00;0.00;0.00;4.33;-0.79;7.07;0.00;0.00;0.00;-6.67;50.66;0.52;0.00;0.00;0.00;97927.12;23.63;0.07;0.00;E;0.00;N;0.00;0.00;0.00;0.00;0.00;0;0;0;0.00;0;0;0*
$34776;-0.00;0.02;1.02;0.00;0.00;0.00;2.13;-12.62;-3.11;0.00;0.00;0.00;-6.86;50.11;1.39;0.00;0.00;0.00;97927.69;23.63;0.07;0.00;E;0.00;N;0.00;0.00;0.00;0.00;0.00;0;0;0;0.00;0;0;0*
$34876;0.00;0.02;1.02;0.00;0.00;0.00;-2.32;3.72;-5.61;0.00;0.00;0.00;-6.49;50.48;2.44;0.00;0.00;0.00;97928.21;23.63;0.07;0.00;E;0.00;N;0.00;0.00;0.00;0.00;0.00;0;0;0;0.00;0;0;0*
$34976;-0.00;0.02;1.02;0.00;0.00;0.00;3.35;0.43;-5.06;0.00;0.00;0.00;-7.04;50.66;1.57;0.00;0.00;0.00;97924.96;23.63;0.09;0.00;E;0.00;N;0.00;0.00;0.00;0.00;0.00;0;0;0;0.00;0;0;0*
$35076;0.00;0.01;1.02;0.00;0.00;0.00;1.77;5.73;9.21;0.00;0.00;0.00;-7.40;51.02;0.17;0.00;0.00;0.00;97930.14;23.63;0.05;0.00;E;0.00;N;0.00;0.00;0.00;0.00;0.00;0;0;0;0.00;0;0;0*
$35176;0.00;0.02;1.02;0.00;0.00;0.00;-0.55;4.09;8.29;0.00;0.00;0.00;-8.12;50.66;0.17;0.00;0.00;0.00;97927.83;23.63;0.07;0.00;E;0.00;N;0.00;0.00;0.00;0.00;0.00;0;0;0;0.00;0;0;0*
$35276;-0.00;0.02;1.02;0.00;0.00;0.00;-0.55;6.95;-2.20;0.00;0.00;0.00;-7.04;51.02;1.22;0.00;0.00;0.00;97928.72;23.63;0.06;0.00;E;0.00;N;0.00;0.00;0.00;0.00;0.00;0;0;0;0.00;0;0;0*
$35376;0.00;0.02;1.02;0.00;0.00;0.00;3.54;-2.01;11.16;0.00;0.00;0.00;-7.94;50.84;1.04;0.00;0.00;0.00;97925.35;23.63;0.09;0.00;E;0.00;N;0.00;0.00;0.00;0.00;0.00;0;0;0;0.00;0;0;0*
$35476;0.00;0.02;1.02;0.00;0.00;0.00;-1.71;8.35;2.07;0.00;0.00;0.00;-7.76;49.57;0.87;0.00;0.00;0.00;97928.36;23.63;0.07;0.00;E;0.00;N;0.00;0.00;0.00;0.00;0.00;0;0;0;0.00;0;0;0*
$35576;0.00;0.02;1.02;0.00;0.00;0.00;0.98;-1.34;5.67;0.00;0.00;0.00;-7.40;50.66;0.87;0.00;0.00;0.00;97929.06;23.63;0.06;0.00;E;0.00;N;0.00;0.00;0.00;0.00;0.00;0;0;0;0.00;0;0;0*
$35676;-0.00;0.02;1.02;0.00;0.00;0.00;1.40;-1.83;2.62;0.00;0.00;0.00;-7.58;51.20;-0.70;0.00;0.00;0.00;97925.67;23.63;0.08;0.00;E;0.00;N;0.00;0.00;0.00;0.00;0.00;0;0;0;0.00;0;0;0*
$35776;-0.00;0.02;1.03;0.00;0.00;0.00;-2.32;-0.37;-8.60;0.00;0.00;0.00;-7.58;50.48;0.35;0.00;0.00;0.00;97928.74;23.63;0.06;0.00;E;0.00;N;0.00;0.00;0.00;0.00;0.00;0;0;0;0.00;0;0;0*
$35876;0.00;0.02;1.02;0.00;0.00;0.00;2.56;12.87;1.34;0.00;0.00;0.00;-6.67;48.84;0.17;0.00;0.00;0.00;97926.75;23.63;0.08;0.00;E;0.00;N;0.00;0.00;0.00;0.00;0.00;0;0;0;0.00;0;0;0*
$35976;-0.00;0.02;1.02;0.00;0.00;0.00;0.24;4.33;10.61;0.00;0.00;0.00;-7.76;51.38;0.87;0.00;0.00;0.00;97927.67;23.63;0.07;0.00;E;0.00;N;0.00;0.00;0.00;0.00;0.00;0;0;0;0.00;0;0;0*
$36076;-0.00;0.01;1.02;0.00;0.00;0.00;0.79;1.89;-1.28;0.00;0.00;0.00;-7.58;50.84;1.04;0.00;0.00;0.00;97926.57;23.62;0.08;0.00;E;0.00;N;0.00;0.00;0.00;0.00;0.00;0;0;0;0.00;0;0;0*
$36176;0.00;0.02;1.02;0.00;0.00;0.00;-0.98;5.55;5.30;0.00;0.00;0.00;-7.40;49.93;-0.17;0.00;0.00;0.00;97929.61;23.63;0.06;0.00;E;0.00;N;0.00;0.00;0.00;0.00;0.00;0;0;0;0.00;0;0;0*
$36276;-0.00;0.02;1.02;0.00;0.00;0.00;6.46;11.65;-4.15;0.00;0.00;0.00;-6.67;51.02;0.52;0.00;0.00;0.00;97928.17;23.63;0.07;0.00;E;0.00;N;0.00;0.00;0.00;0.00;0.00;0;0;0;0.00;0;0;0*
$36376;-0.00;0.01;1.02;0.00;0.00;0.00;-0.18;9.39;10.79;0.00;0.00;0.00;-10.10;51.20;0.00;0.00;0.00;0.00;97931.41;23.63;0.04;0.00;E;0.00;N;0.00;0.00;0.00;0.00;0.00;0;0;0;0.00;0;0;0*
$36476;0.00;0.02;1.02;0.00;0.00;0.00;-1.89;5.91;9.21;0.00;0.00;0.00;-6.86;50.48;-0.70;0.00;0.00;0.00;97929.45;23.63;0.06;0.00;E;0.00;N;0.00;0.00;0.00;0.00;0.00;0;0;0;0.00;0;0;0*
$36576;-0.00;0.02;1.01;0.00;0.00;0.00;2.93;8.17;-7.93;0.00;0.00;0.00;-8.12;51.75;0.52;0.00;0.00;0.00;97929.47;23.64;0.06;0.00;E;0.00;N;0.00;0.00;0.00;0.00;0.00;0;0;0;0.00;0;0;0*
$36676;-0.00;0.01;1.02;0.00;0.00;0.00;0.24;2.93;-2.56;0.00;0.00;0.00;-7.58;51.20;-0.35;0.00;0.00;0.00;97926.07;23.63;0.08;0.00;E;0.00;N;0.00;0.00;0.00;0.00;0.00;0;0;0;0.00;0;0;0*
$36776;-0.00;0.02;1.03;0.00;0.00;0.00;-2.87;-1.22;-0.43;0.00;0.00;0.00;-7.94;50.84;0.35;0.00;0.00;0.00;97927.49;23.63;0.07;0.00;E;0.00;N;0.00;0.00;0.00;0.00;0.00;0;0;0;0.00;0;0;0*
$36876;-0.00;0.02;1.01;0.00;0.00;0.00;-2.13;3.29;-0.06;0.00;0.00;0.00;-6.49;50.11;0.00;0.00;0.00;0.00;97925.91;23.64;0.08;0.00;E;0.00;N;0.00;0.00;0.00;0.00;0.00;0;0;0;0.00;0;0;0*
$36976;0.00;0.02;1.02;0.00;0.00;0.00;-1.16;-6.46;-0.98;0.00;0.00;0.00;-6.31;49.57;-0.52;0.00;0.00;0.00;97927.15;23.63;0.07;0.00;E;0.00;N;0.00;0.00;0.00;0.00;0.00;0;0;0;0.00;0;0;0*
$37076;0.00;0.01;1.02;0.00;0.00;0.00;0.24;-7.87;4.94;0.00;0.00;0.00;-8.30;49.39;0.35;0.00;0.00;0.00;97926.25;23.63;0.08;0.00;E;0.00;N;0.00;0.00;0.00;0.00;0.00;0;0;0;0.00;0;0;0*
$37176;-0.00;0.02;1.02;0.00;0.00;0.00;-2.68;2.07;6.16;0.00;0.00;0.00;-8.30;50.11;-0.35;0.00;0.00;0.00;97926.57;23.63;0.08;0.00;E;0.00;N;0.00;0.00;0.00;0.00;0.00;0;0;0;0.00;0;0;0*
$37276;-0.00;0.02;1.02;0.00;0.00;0.00;-1.34;-3.23;-2.93;0.00;0.00;0.00;-7.22;50.48;-0.35;0.00;0.00;0.00;97926.97;23.63;0.08;0.00;E;0.00;N;0.00;0.00;0.00;0.00;0.00;0;0;0;0.00;0;0;0*
$37376;-0.00;0.02;1.02;0.00;0.00;0.00;0.00;3.29;-2.74;0.00;0.00$37576;0.00;0.01;1.02;0.00;0.00;0.00;1.40;-2.20;1.52;0.00;0.00;0.00;-7.94;50.11;-0.35;0.00;0.00;0.00;97922.64;23.63;0.11;0.00;E;0.00;N;0.00;0.00;0.00;0.00;0.00;0;0;0;0.00;0;0;0*
$37676;-0.00;0.02;1.02;0.00;0.00;0.00;-3.66;15.30;2.99;0.00;0.0$37776;-0.00;0.01;1.02;0.00;0.00;0.00;4.51;2.87;2.26;0.00;0.00;0.00;-7.22;51.93;0.00;0.00;0.00;0.00;97926.57;23.62;0.08;0.00;E;0.00;N;0.00;0.00;0.00;0.00;0.00;0;0;0;0.00;0;0;0*
$37876;0.00;0.02;1.02;0.00;0.00;0.00;5.67;6.34;2.62;0.00;0.00;0$37976;-0.00;0.02;1.02;0.00;0.00;0.00;-1.34;3.90;-2.56;0.00;0.00;0.00;-6.67;50.66;1.22;0.00;0.00;0.00;97927.64;23.63;0.07;0.00;E;0.00;N;0.00;0.00;0.00;0.00;0.00;0;0;0;0.00;0;0;0*
$38076;0.00;0.02;1.02;0.00;0.00;0.00;-0.55;6.34;4.02;0.00;0.00;00;97931.41;23.63;0.04;0.00;E;0.00;N;0.00;0.00;0.00;0.00;0.00;0;0;0;0.00;0;0;0*
$38476;-0.00;0.01;1.01;0.00;0.00;0.00;-1.89;9.21;-4.33;0.00;0.00;0.00;-6.67;51.38;1.57;0.00;0.00;0.00;97932.30;23.63;0.04;0.00;E;0.00;N;0.00;0.00;0.00;0.00;0.00;0;0;0;0.00;0;0;0*
$38576;-0.00;0.02;1.03;0.00;0.00;0.00;0.24;0.24;0.67;0.00;0.00;0.00;-7.76;49.57;0.52;0.00;0.00;0.00;97931.77;23.63;0.04;0.00;E;0.00;N;0.00;0.00;0.00;0.00;0.00;0;0;0;0.00;0;0;0*
$38676;-0.00;0.02;1.02;0.00;0.00;0.00;-1.89;1.22;0.30;0.00;0.00;0.00;-5.95;49.93;1.22;0.00;0.00;0.00;97931.25;23.63;0.05;0.00;E;0.00;N;0.00;0.00;0.00;0.00;0.00;0;0;0;0.00;0;0;0*
$38776;-0.00;0.01;1.02;0.00;0.00;0.00;2.56;1.46;7.62;0.00;0.00;0.00;-8.48;49.57;0.52;0.00;0.00;0.00;97931.60;23.63;0.04;0.00;E;0.00;N;0.00;0.00;0.00;0.00;0.00;0;0;0;0.00;0;0;0*
$38876;-0.00;0.02;1.02;0.00;0.00;0.00;-4.09;-2.80;6.52;0.00;0.00;0.00;-5.95;49.20;0.52;0.00;0.00;0.00;97932.83;23.63;0.03;0.00;E;0.00;N;0.00;0.00;0.00;0.00;0.00;0;0;0;0.00;0;0;0*
$38976;-0.00;0.01;1.02;0.00;0.00;0.00;-2.68;3.11;0.12;0.00;0.00;0.00;-7.40;49.57;0.87;0.00;0.00;0.00;97929.31;23.64;0.06;0.00;E;0.00;N;0.00;0.00;0.00;0.00;0.00;0;0;0;0.00;0;0;0*
$39076;-0.00;0.02;1.02;0.00;0.00;0.00;2.38;8.35;4.76;0.00;0.00;0.00;-7.40;51.02;1.91;0.00;0.00;0.00;97932.14;23.63;0.04;0.00;E;0.00;N;0.00;0.00;0.00;0.00;0.00;0;0;0;0.00;0;0;0*
$39176;-0.01;0.02;1.02;0.00;0.00;0.00;-1.71;-0.61;0.30;0.00;0.00;0.00;-6.67;49.93;0.17;0.00;0.00;0.00;97927.14;23.63;0.07;0.00;E;0.00;N;0.00;0.00;0.00;0.00;0.00;0;0;0;0.00;0;0;0*
$39276;-0.00;0.02;1.02;0.00;0.00;0.00;0.79;2.93;2.07;0.00;0.00;0.00;-7.58;50.48;0.35;0.00;0.00;0.00;97930.17;23.63;0.05;0.00;E;0.00;N;0.00;0.00;0.00;0.00;0.00;0;0;0;0.00;0;0;0*
$39376;-0.00;0.01;1.02;0.00;0.00;0.00;2.13;-8.48;-5.61;0.00;0.00;0.00;-6.86;50.84;2.09;0.00;0.00;0.00;97927.67;23.63;0.07;0.00;E;0.00;N;0.00;0.00;0.00;0.00;0.00;0;0;0;0.00;0;0;0*
$39476;-0.00;0.02;1.02;0.00;0.00;0.00;0.79;6.95;1.52;0.00;0.00;0.00;-7.22;50.48;1.04;0.00;0.00;0.00;97926.64;23.64;0.08;0.00;E;0.00;N;0.00;0.00;0.00;0.00;0.00;0;0;0;0.00;0;0;0*
$39576;-0.00;0.02;1.02;0.00;0.00;0.00;1.40;-10.98;9.39;0.00;0.00;0.00;-6.86;51.20;0.70;0.00;0.00;0.00;97928.05;23.64;0.07;0.00;E;0.00;N;0.00;0.00;0.00;0.00;0.00;0;0;0;0.00;0;0;0*
$39676;-0.00;0.01;1.02;0.00;0.00;0.00;-1.71;2.68;6.89;0.00;0.00;0.00;-7.58;50.48;0.70;0.00;0.00;0.00;97927.69;23.63;0.07;0.00;E;0.00;N;0.00;0.00;0.00;0.00;0.00;0;0;0;0.00;0;0;0*
$39776;0.00;0.01;1.02;0.00;0.00;0.00;-0.37;-1.40;8.29;0.00;0.00;0.00;-7.40;49.57;1.22;0.00;0.00;0.00;97930.89;23.63;0.05;0.00;E;0.00;N;0.00;0.00;0.00;0.00;0.00;0;0;0;0.00;0;0;0*
$39876;-0.00;0.02;1.02;0.00;0.00;0.00;-0.37;-0.37;-0.24;0.00;0.00;0.00;-5.95;49.57;1.57;0.00;0.00;0.00;97927.86;23.63;0.07;0.00;E;0.00;N;0.00;0.00;0.00;0.00;0.00;0;0;0;0.00;0;0;0*
$39976;-0.00;0.02;1.02;0.00;0.00;0.00;-0.55;-1.16;3.84;0.00;0.00;0.00;-6.67;49.20;0.52;0.00;0.00;0.00;97928.36;23.63;0.07;0.00;E;0.00;N;0.00;0.00;0.00;0.00;0.00;0;0;0;0.00;0;0;0*
$40076;-0.00;0.01;1.02;0.00;0.00;0.00;-4.27;-1.95;-4.70;0.00;0.00;0.00;-7.22;51.20;1.04;0.00;0.00;0.00;97930.52;23.63;0.05;0.00;E;0.00;N;0.00;0.00;0.00;0.00;0.00;0;0;0;0.00;0;0;0*
$40176;-0.00;0.01;1.02;0.00;0.00;0.00;-2.68;2.07;6.16;0.00;0.00;0.00;-6.49;50.84;0.35;0.00;0.00;0.00;97926.60;23.63;0.08;0.00;E;0.00;N;0.00;0.00;0.00;0.00;0.00;0;0;0;0.00;0;0;0*
$40276;-0.00;0.01;1.02;0.00;0.00;0.00;-0.98;4.51;11.52;0.00;0.00;0.00;-7.94;50.48;1.74;0.00;0.00;0.00;97928.95;23.64;0.06;0.00;E;0.00;N;0.00;0.00;0.00;0.00;0.00;0;0;0;0.00;0;0;0*
$40376;-0.00;0.02;1.02;0.00;0.00;0.00;-0.37;-5.06;10.79;0.00;0.00;0.00;-6.67;51.38;1.91;0.00;0.00;0.00;97928.03;23.63;0.07;0.00;E;0.00;N;0.00;0.00;0.00;0.00;0.00;0;0;0;0.00;0;0;0*
$40476;-0.00;0.02;1.01;0.00;0.00;0.00;1.77;5.73;5.67;0.00;0.00;0.00;-7.58;49.39;1.04;0.00;0.00;0.00;97932.14;23.63;0.04;0.00;E;0.00;N;0.00;0.00;0.00;0.00;0.00;0;0;0;0.00;0;0;0*
$40576;0.00;0.02;1.02;0.00;0.00;0.00;-2.13;4.33;1.52;0.00;0.00;0.00;-7.58;50.11;0.35;0.00;0.00;0.00;97929.82;23.63;0.06;0.00;E;0.00;N;0.00;0.00;0.00;0.00;0.00;0;0;0;0.00;0;0;0*
$40676;0.00;0.02;1.01;0.00;0.00;0.00;-2.13;-2.20;-10.06;0.00;0.00;0.00;-9.38;49.02;0.35;0.00;0.00;0.00;97926.78;23.63;0.08;0.00;E;0.00;N;0.00;0.00;0.00;0.00;0.00;0;0;0;0.00;0;0;0*
$40776;-0.00;0.02;1.03;0.00;0.00;0.00;-2.87;3.11;5.79;0.00;0.00;0.00;-8.84;49.93;-0.17;0.00;0.00;0.00;97928.40;23.63;0.07;0.00;E;0.00;N;0.00;0.00;0.00;0.00;0.00;0;0;0;0.00;0;0;0*
$40876;0.00;0.02;1.02;0.00;0.00;0.00;-2.68;2.07;-2.01;0.00;0.00;0.00;-7.04;51.75;0.52;0.00;0.00;0.00;97930.73;23.64;0.05;0.00;E;0.00;N;0.00;0.00;0.00;0.00;0.00;0;0;0;0.00;0;0;0*
$40976;0.00;0.02;1.02;0.00;0.00;0.00;0.43;6.16;-0.43;0.00;0.00;0.00;-8.48;49.93;0.52;0.00;0.00;0.00;97931.46;23.64;0.04;0.00;E;0.00;N;0.00;0.00;0.00;0.00;0.00;0;0;0;0.00;0;0;0*
$41076;-0.00;0.01;1.02;0.00;0.00;0.00;-1.16;-5.24;-8.96;0.00;0.00;0.00;-7.58;51.20;1.04;0.00;0.00;0.00;97930.53;23.63;0.05;0.00;E;0.00;N;0.00;0.00;0.00;0.00;0.00;0;0;0;0.00;0;0;0*
$41176;0.00;0.02;1.02;0.00;0.00;0.00;1.40;-4.02;-3.60;0.00;0.00;0.00;-7.94;50.48;-1.04;0.00;0.00;0.00;97930.19;23.64;0.05;0.00;E;0.00;N;0.00;0.00;0.00;0.00;0.00;0;0;0;0.00;0;0;0*
$41276;-0.01;0.01;1.02;0.00;0.00;0.00;2.74;-3.84;3.66;0.00;0.00;0.00;-8.48;50.66;0.17;0.00;0.00;0.00;97930.36;23.63;0.05;0.00;E;0.00;N;0.00;0.00;0.00;0.00;0.00;0;0;0;0.00;0;0;0*
$41376;-0.00;0.02;1.02;0.00;0.00;0.00;0.24;1.22;-6.28;0.00;0.00;0.00;-7.76;49.20;0.87;0.00;0.00;0.00;97931.25;23.64;0.05;0.00;E;0.00;N;0.00;0.00;0.00;0.00;0.00;0;0;0;0.00;0;0;0*
$41476;-0.01;0.02;1.02;0.00;0.00;0.00;6.22;-6.28;-3.29;0.00;0.00;0.00;-7.40;51.75;0.17;0.00;0.00;0.00;97932.34;23.64;0.04;0.00;E;0.00;N;0.00;0.00;0.00;0.00;0.00;0;0;0;0.00;0;0;0*
$41576;-0.00;0.02;1.02;0.00;0.00;0.00;1.77;15.73;4.21;0.00;0.00;0.00;-8.30;51.20;1.74;0.00;0.00;0.00;97930.01;23.64;0.05;0.00;E;0.00;N;0.00;0.00;0.00;0.00;0.00;0;0;0;0.00;0;0;0*
$41676;0.00;0.02;1.02;0.00;0.00;0.00;2.38;1.22;-3.96;0.00;0.00;0.00;-6.86;50.11;0.35;0.00;0.00;0.00;97927.69;23.63;0.07;0.00;E;0.00;N;0.00;0.00;0.00;0.00;0.00;0;0;0;0.00;0;0;0*
$41776;0.00;0.02;1.02;0.00;0.00;0.00;0.61;-0.18;8.84;0.00;0.00;0.00;-7.04;51.38;-0.17;0.00;0.00;0.00;97929.11;23.63;0.06;0.00;E;0.00;N;0.00;0.00;0.00;0.00;0.00;0;0;0;0.00;0;0;0*
$41876;0.00;0.01;1.02;0.00;0.00;0.00;-1.16;-3.84;5.98;0.00;0.00;0.00;-7.40;50.66;0.87;0.00;0.00;0.00;97932.51;23.64;0.04;0.00;E;0.00;N;0.00;0.00;0.00;0.00;0.00;0;0;0;0.00;0;0;0*
$41976;-0.00;0.02;1.02;0.00;0.00;0.00;0.79;-4.63;9.39;0.00;0.00;0.00;-7.94;50.48;-1.04;0.00;0.00;0.00;97932.85;23.63;0.03;0.00;E;0.00;N;0.00;0.00;0.00;0.00;0.00;0;0;0;0.00;0;0;0*
$42076;-0.00;0.02;1.02;0.00;0.00;0.00;3.54;1.22;5.67;0.00;0.00;0.00;-5.41;50.48;-0.35;0.00;0.00;0.00;97933.39;23.64;0.03;0.00;E;0.00;N;0.00;0.00;0.00;0.00;0.00;0;0;0;0.00;0;0;0*
$42176;0.00;0.02;1.02;0.00;0.00;0.00;-0.98;-5.49;12.07;0.00;0.00;0.00;-8.12;49.57;-1.22;0.00;0.00;0.00;97931.27;23.64;0.05;0.00;E;0.00;N;0.00;0.00;0.00;0.00;0.00;0;0;0;0.00;0;0;0*
$42276;-0.00;0.02;1.03;0.00;0.00;0.00;-0.18;1.22;5.30;0.00;0.00;0.00;-7.58;50.11;0.35;0.00;0.00;0.00;97928.96;23.64;0.06;0.00;E;0.00;N;0.00;0.00;0.00;0.00;0.00;0;0;0;0.00;0;0;0*
$42376;-0.00;0.02;1.03;0.00;0.00;0.00;-0.55;11.65;1.04;0.00;0.00;0.00;-6.86;50.48;0.35;0.00;0.00;0.00;97927.35;23.64;0.07;0.00;E;0.00;N;0.00;0.00;0.00;0.00;0.00;0;0;0;0.00;0;0;0*
$42476;0.00;0.02;1.02;0.00;0.00;0.00;-0.98;11.83;-1.16;0.00;0.00;0.00;-7.22;50.48;0.70;0.00;0.00;0.00;97925.19;23.63;0.09;0.00;E;0.00;N;0.00;0.00;0.00;0.00;0.00;0;0;0;0.00;0;0;0*
$42576;0.00;0.02;1.02;0.00;0.00;0.00;-1.52;-6.46;-6.28;0.00;0.00;0.00;-6.67;51.75;0.52;0.00;0.00;0.00;97928.04;23.63;0.07;0.00;E;0.00;N;0.00;0.00;0.00;0.00;0.00;0;0;0;0.00;0;0;0*
$42676;-0.00;0.02;1.02;0.00;0.00;0.00;-1.16;4.70;-8.78;0.00;0.00;0.00;-5.77;50.11;0.00;0.00;0.00;0.00;97926.44;23.63;0.08;0.00;E;0.00;N;0.00;0.00;0.00;0.00;0.00;0;0;0;0.00;0;0;0*
$42776;-0.01;0.02;1.02;0.00;0.00;0.00;0.24;-3.66;-3.78;0.00;0.00;0.00;-8.84;49.57;0.52;0.00;0.00;0.00;97929.82;23.63;0.06;0.00;E;0.00;N;0.00;0.00;0.00;0.00;0.00;0;0;0;0.00;0;0;0*
$42876;0.00;0.01;1.02;0.00;0.00;0.00;-1.16;-3.66;5.49;0.00;0.00;0.00;-6.13;49.02;1.04;0.00;0.00;0.00;97925.73;23.63;0.08;0.00;E;0.00;N;0.00;0.00;0.00;0.00;0.00;0;0;0;0.00;0;0;0*
$42976;-0.00;0.02;1.02;0.00;0.00;0.00;0.79;0.61;7.99;0.00;0.00;0.00;-7.04;51.75;1.22;0.00;0.00;0.00;97926.80;23.64;0.08;0.00;E;0.00;N;0.00;0.00;0.00;0.00;0.00;0;0;0;0.00;0;0;0*
$43076;0.00;0.01;1.02;0.00;0.00;0.00;-1.34;-5.24;2.99;0.00;0.00;0.00;-7.04;51.02;1.22;0.00;0.00;0.00;97931.09;23.64;0.05;0.00;E;0.00;N;0.00;0.00;0.00;0.00;0.00;0;0;0;0.00;0;0;0*
$43176;-0.00;0.02;1.02;0.00;0.00;0.00;3.35;-0.79;-2.38;0.00;0.00;0.00;-7.94;51.20;0.35;0.00;0.00;0.00;97930.36;23.63;0.05;0.00;E;0.00;N;0.00;0.00;0.00;0.00;0.00;0;0;0;0.00;0;0;0*
$43276;0.00;0.01;1.02;0.00;0.00;0.00;0.00;11.40;5.30;0.00;0.00;0.00;-6.67;51.75;0.17;0.00;0.00;0.00;97924.66;23.63;0.09;0.00;E;0.00;N;0.00;0.00;0.00;0.00;0.00;0;0;0;0.00;0;0;0*
$43376;-0.00;0.02;1.01;0.00;0.00;0.00;3.54;-5.67;-0.79;0.00;0.00;0.00;-7.94;50.11;0.00;0.00;0.00;0.00;97926.44;23.64;0.08;0.00;E;0.00;N;0.00;0.00;0.00;0.00;0.00;0;0;0;0.00;0;0;0*
$43476;-0.00;0.02;1.01;0.00;0.00;0.00;-5.79;2.87;2.07;0.00;0.00;0.00;-7.22;50.84;1.74;0.00;0.00;0.00;97927.17;23.64;0.07;0.00;E;0.00;N;0.00;0.00;0.00;0.00;0.00;0;0;0;0.00;0;0;0*
$43576;0.00;0.02;1.02;0.00;0.00;0.00;4.09;0.49;2.80;0.00;0.00;0.00;-8.30;50.84;1.04;0.00;0.00;0.00;97930.54;23.64;0.05;0.00;E;0.00;N;0.00;0.00;0.00;0.00;0.00;0;0;0;0.00;0;0;0*
$43676;-0.00;0.02;1.02;0.00;0.00;0.00;-2.87;-0.37;1.71;0.00;0.00;0.00;-8.30;50.48;0.35;0.00;0.00;0.00;97926.99;23.64;0.08;0.00;E;0.00;N;0.00;0.00;0.00;0.00;0.00;0;0;0;0.00;0;0;0*
$43776;0.00;0.02;1.02;0.00;0.00;0.00;-2.87;6.77;-2.01;0.00;0.00;0.00;-7.40;50.29;0.87;0.00;0.00;0.00;97923.77;23.64;0.10;0.00;E;0.00;N;0.00;0.00;0.00;0.00;0.00;0;0;0;0.00;0;0;0*
$43876;-0.00;0.02;1.02;0.00;0.00;0.00;2.74;7.56;2.26;0.00;0.00;0.00;-7.76;51.02;-0.87;0.00;0.00;0.00;97925.75;23.64;0.08;0.00;E;0.00;N;0.00;0.00;0.00;0.00;0.00;0;0;0;0.00;0;0;0*
$43976;0.00;0.02;1.02;0.00;0.00;0.00;-3.05;8.17;-10.24;0.00;0.00;0.00;-6.67;49.20;0.87;0.00;0.00;0.00;97928.42;23.64;0.07;0.00;E;0.00;N;0.00;0.00;0.00;0.00;0.00;0;0;0;0.00;0;0;0*
$44076;0.00;0.02;1.01;0.00;0.00;0.00;-2.68;-7.68;-0.43;0.00;0.00;0.00;-8.12;50.29;1.22;0.00;0.00;0.00;97929.47;23.64;0.06;0.00;E;0.00;N;0.00;0.00;0.00;0.00;0.00;0;0;0;0.00;0;0;0*
$44176;0.00;0.01;1.02;0.00;0.00;0.00;-1.34;9.57;-3.11;0.00;0.00;0.00;-6.86;50.11;0.35;0.00;0.00;0.00;97925.91;23.64;0.08;0.00;E;0.00;N;0.00;0.00;0.00;0.00;0.00;0;0;0;0.00;0;0;0*
$44276;0.00;0.01;1.02;0.00;0.00;0.00;0.79;6.52;-4.15;0.00;0.00;0.00;-5.95;49.20;-0.52;0.00;0.00;0.00;97928.41;23.64;0.07;0.00;E;0.00;N;0.00;0.00;0.00;0.00;0.00;0;0;0;0.00;0;0;0*
$44376;-0.00;0.02;1.03;0.00;0.00;0.00;-1.52;-2.80;-4.70;0.00;0.00;0.00;-7.04;50.29;1.22;0.00;0.00;0.00;97926.64;23.64;0.08;0.00;E;0.00;N;0.00;0.00;0.00;0.00;0.00;0;0;0;0.00;0;0;0*
$44476;-0.00;0.01;1.02;0.00;0.00;0.00;0.98;-1.22;-7.93;0.00;0.00;0.00;-7.58;50.84;1.39;0.00;0.00;0.00;97923.42;23.64;0.10;0.00;E;0.00;N;0.00;0.00;0.00;0.00;0.00;0;0;0;0.00;0;0;0*
$44576;0.00;0.01;1.02;0.00;0.00;0.00;-2.07;6.77;-4.33;0.00;0.00;0.00;-7.58;50.84;0.70;0.00;0.00;0.00;97926.27;23.64;0.08;0.00;E;0.00;N;0.00;0.00;0.00;0.00;0.00;0;0;0;0.00;0;0;0*
$44676;0.00;0.02;1.02;0.00;0.00;0.00;-5.00;1.04;6.52;0.00;0.00;0.00;-8.30;49.75;0.35;0.00;0.00;0.00;97925.20;23.64;0.09;0.00;E;0.00;N;0.00;0.00;0.00;0.00;0.00;0;0;0;0.00;0;0;0*
$44776;-0.00;0.02;1.02;0.00;0.00;0.00;0.24;-3.05;8.11;0.00;0.00;0.00;-8.30;51.20;0.35;0.00;0.00;0.00;97928.22;23.63;0.07;0.00;E;0.00;N;0.00;0.00;0.00;0.00;0.00;0;0;0;0.00;0;0;0*
$44876;0.00;0.02;1.02;0.00;0.00;0.00;-2.13;-4.02;1.34;0.00;0.00;0.00;-7.40;50.66;-0.17;0.00;0.00;0.00;97925.21;23.64;0.09;0.00;E;0.00;N;0.00;0.00;0.00;0.00;0.00;0;0;0;0.00;0;0;0*
$44976;-0.00;0.02;1.01;0.00;0.00;0.00;-0.18;12.26;-0.79;0.00;0.00;0.00;-7.76;49.20;0.17;0.00;0.00;0.00;97922.35;23.64;0.11;0.00;E;0.00;N;0.00;0.00;0.00;0.00;0.00;0;0;0;0.00;0;0;0*
$45076;-0.00;0.01;1.01;0.00;0.00;0.00;3.11;0.24;6.16;0.00;0.00;0.00;-8.30;50.84;0.00;0.00;0.00;0.00;97926.28;23.64;0.08;0.00;E;0.00;N;0.00;0.00;0.00;0.00;0.00;0;0;0;0.00;0;0;0*
$45176;-0.00;0.02;1.02;0.00;0.00;0.00;3.54;-1.77;-2.38;0.00;0.00;0.00;-6.13;49.02;1.04;0.00;0.00;0.00;97923.99;23.64;0.10;0.00;E;0.00;N;0.00;0.00;0.00;0.00;0.00;0;0;0;0.00;0;0;0*
$45276;-0.01;0.01;1.02;0.00;0.00;0.00;3.90;-4.82;-7.93;0.00;0.00;0.00;-6.67;51.02;0.17;0.00;0.00;0.00;97923.77;23.64;0.10;0.00;E;0.00;N;0.00;0.00;0.00;0.00;0.00;0;0;0;0.00;0;0;0*
$45376;-0.00;0.01;1.02;0.00;0.00;0.00;2.56;-0.98;-5.91;0.00;0.00;0.00;-8.84;50.66;0.87;0.00;0.00;0.00;97922.72;23.64;0.11;0.00;E;0.00;N;0.00;0.00;0.00;0.00;0.00;0;0;0;0.00;0;0;0*
$45476;0.00;0.02;1.02;0.00;0.00;0.00;0.00;1.10;2.44;0.00;0.00;0.00;-7.22;50.11;0.00;0.00;0.00;0.00;97926.28;23.64;0.08;0.00;E;0.00;N;0.00;0.00;0.00;0.00;0.00;0;0;0;0.00;0;0;0*
$45576;-0.00;0.02;1.02;0.00;0.00;0.00;2.74;0.43;-2.74;0.00;0.00;0.00;-7.22;50.84;2.44;0.00;0.00;0.00;97923.25;23.64;0.10;0.00;E;0.00;N;0.00;0.00;0.00;0.00;0.00;0;0;0;0.00;0;0;0*
$45676;-0.00;0.02;1.02;0.00;0.00;0.00;-3.29;-8.54;-3.96;0.00;0.00;0.00;-7.22;50.11;0.70;0.00;0.00;0.00;97925.92;23.64;0.08;0.00;E;0.00;N;0.00;0.00;0.00;0.00;0.00;0;0;0;0.00;0;0;0*
$45776;-0.00;0.01;1.02;0.00;0.00;0.00;-0.18;-10.55;-2.20;0.00;0.00;0.00;-7.40;49.93;0.17;0.00;0.00;0.00;97924.67;23.64;0.09;0.00;E;0.00;N;0.00;0.00;0.00;0.00;0.00;0;0;0;0.00;0;0;0*
$45876;0.00;0.02;1.02;0.00;0.00;0.00;0.79;3.90;1.52;0.00;0.00;0.00;-6.67;50.29;0.17;0.00;0.00;0.00;97925.38;23.64;0.09;0.00;E;0.00;N;0.00;0.00;0.00;0.00;0.00;0;0;0;0.00;0;0;0*
$45976;-0.00;0.01;1.02;0.00;0.00;0.00;0.00;1.22;-0.61;0.00;0.00;0.00;-5.59;50.66;0.52;0.00;0.00;0.00;97925.39;23.64;0.09;0.00;E;0.00;N;0.00;0.00;0.00;0.00;0.00;0;0;0;0.00;0;0;0*
$46076;-0.00;0.02;1.02;0.00;0.00;0.00;-0.55;3.29;2.80;0.00;0.00;0.00;-7.04;51.02;-0.52;0.00;0.00;0.00;97925.03;23.64;0.09;0.00;E;0.00;N;0.00;0.00;0.00;0.00;0.00;0;0;0;0.00;0;0;0*
$46176;-0.00;0.02;1.03;0.00;0.00;0.00;2.13;-2.80;-2.56;0.00;0.00;0.00;-7.22;52.29;0.35;0.00;0.00;0.00;97927.88;23.64;0.07;0.00;E;0.00;N;0.00;0.00;0.00;0.00;0.00;0;0;0;0.00;0;0;0*
$46276;-0.00;0.02;1.02;0.00;0.00;0.00;-4.02;1.65;4.02;0.00;0.00;0.00;-7.04;50.29;0.52;0.00;0.00;0.00;97924.14;23.64;0.10;0.00;E;0.00;N;0.00;0.00;0.00;0.00;0.00;0;0;0;0.00;0;0;0*
$46376;-0.00;0.02;1.02;0.00;0.00;0.00;-0.55;-3.23;-3.78;0.00;0.00;0.00;-6.31;50.66;-0.17;0.00;0.00;0.00;97926.66;23.64;0.08;0.00;E;0.00;N;0.00;0.00;0.00;0.00;0.00;0;0;0;0.00;0;0;0*
$46476;0.00;0.01;1.02;0.00;0.00;0.00;-0.37;7.74;-4.15;0.00;0.00;0.00;-7.22;50.48;1.04;0.00;0.00;0.00;97927.91;23.64;0.07;0.00;E;0.00;N;0.00;0.00;0.00;0.00;0.00;0;0;0;0.00;0;0;0*
$46576;0.00;0.02;1.02;0.00;0.00;0.00;-0.55;1.46;3.48;0.00;0.00;0.00;-8.48;49.93;1.57;0.00;0.00;0.00;97923.95;23.64;0.10;0.00;E;0.00;N;0.00;0.00;0.00;0.00;0.00;0;0;0;0.00;0;0;0*
$46676;-0.00;0.02;1.02;0.00;0.00;0.00;-3.66;18.54;0.12;0.00;0.00;0.00;-6.86;50.84;-0.35;0.00;0.00;0.00;97926.82;23.64;0.08;0.00;E;0.00;N;0.00;0.00;0.00;0.00;0.00;0;0;0;0.00;0;0;0*
$46776;0.00;0.02;1.02;0.00;0.00;0.00;-2.32;6.95;2.99;0.00;0.00;0.00;-7.58;50.84;0.70;0.00;0.00;0.00;97925.20;23.64;0.09;0.00;E;0.00;N;0.00;0.00;0.00;0.00;0.00;0;0;0;0.00;0;0;0*
$46876;-0.00;0.02;1.02;0.00;0.00;0.00;-1.34;5.55;-6.65;0.00;0.00;0.00;-5.95;51.38;0.52;0.00;0.00;0.00;97926.80;23.64;0.08;0.00;E;0.00;N;0.00;0.00;0.00;0.00;0.00;0;0;0;0.00;0;0;0*
$46976;-0.00;0.01;1.02;0.00;0.00;0.00;-2.68;4.51;-3.78;0.00;0.00;0.00;-5.95;49.93;0.52;0.00;0.00;0.00;97925.92;23.64;0.08;0.00;E;0.00;N;0.00;0.00;0.00;0.00;0.00;0;0;0;0.00;0;0;0*
$47076;-0.00;0.01;1.02;0.00;0.00;0.00;1.95;10.18;4.21;0.00;0.00;0.00;-6.49;50.11;1.04;0.00;0.00;0.00;97926.82;23.64;0.08;0.00;E;0.00;N;0.00;0.00;0.00;0.00;0.00;0;0;0;0.00;0;0;0*
$47176;0.00;0.02;1.02;0.00;0.00;0.00;0.79;6.52;-3.29;0.00;0.00;0.00;-6.31;50.29;-0.17;0.00;0.00;0.00;97925.91;23.64;0.08;0.00;E;0.00;N;0.00;0.00;0.00;0.00;0.00;0;0;0;0.00;0;0;0*
$47276;0.00;0.02;1.02;0.00;0.00;0.00;-1.16;-2.20;0.67;0.00;0.00;0.00;-6.67;50.29;0.87;0.00;0.00;0.00;97923.45;23.64;0.10;0.00;E;0.00;N;0.00;0.00;0.00;0.00;0.00;0;0;0;0.00;0;0;0*
$47376;-0.00;0.01;1.02;0.00;0.00;0.00;-2.13;6.77;-3.96;0.00;0.00;0.00;-7.40;49.93;-0.52;0.00;0.00;0.00;97922.19;23.64;0.11;0.00;E;0.00;N;0.00;0.00;0.00;0.00;0.00;0;0;0;0.00;0;0;0*
$47476;-0.00;0.01;1.02;0.00;0.00;0.00;3.72;-3.41;8.48;0.00;0.00;0.00;-7.94;50.48;1.39;0.00;0.00;0.00;97924.13;23.64;0.10;0.00;E;0.00;N;0.00;0.00;0.00;0.00;0.00;0;0;0;0.00;0;0;0*
$47576;-0.01;0.01;1.03;0.00;0.00;0.00;-1.89;5.12;9.02;0.00;0.00;0.00;-7.04;51.75;0.87;0.00;0.00;0.00;97922.36;23.64;0.11;0.00;E;0.00;N;0.00;0.00;0.00;0.00;0.00;0;0;0;0.00;0;0;0*
$47676;0.00;0.02;1.02;0.00;0.00;0.00;1.95;1.71;-2.93;0.00;0.00;0.00;-7.04;50.29;1.22;0.00;0.00;0.00;97923.43;23.64;0.10;0.00;E;0.00;N;0.00;0.00;0.00;0.00;0.00;0;0;0;0.00;0;0;0*
$47776;-0.00;0.02;1.02;0.00;0.00;0.00;3.35;1.46;10.30;0.00;0.00;0.00;-7.22;49.02;0.70;0.00;0.00;0.00;97923.81;23.64;0.10;0.00;E;0.00;N;0.00;0.00;0.00;0.00;0.00;0;0;0;0.00;0;0;0*
$47876;-0.00;0.02;1.02;0.00;0.00;0.00;-2.32;1.65;9.76;0.00;0.00;0.00;-7.94;50.84;0.70;0.00;0.00;0.00;97927.53;23.64;0.07;0.00;E;0.00;N;0.00;0.00;0.00;0.00;0.00;0;0;0;0.00;0;0;0*
$47976;-0.00;0.01;1.01;0.00;0.00;0.00;2.74;6.77;1.16;0.00;0.00;0.00;-7.94;50.48;0.70;0.00;0.00;0.00;97926.50;23.65;0.08;0.00;E;0.00;N;0.00;0.00;0.00;0.00;0.00;0;0;0;0.00;0;0;0*
$48076;0.00;0.01;1.02;0.00;0.00;0.00;-4.27;5.73;1.04;0.00;0.00;0.00;-5.95;50.29;-1.22;0.00;0.00;0.00;97928.82;23.65;0.06;0.00;E;0.00;N;0.00;0.00;0.00;0.00;0.00;0;0;0;0.00;0;0;0*
$48176;-0.00;0.01;1.01;0.00;0.00;0.00;-3.48;9.02;9.02;0.00;0.00;0.00;-6.49;51.20;1.39;0.00;0.00;0.00;97925.78;23.65;0.08;0.00;E;0.00;N;0.00;0.00;0.00;0.00;0.00;0;0;0;0.00;0;0;0*
$48276;-0.00;0.02;1.02;0.00;0.00;0.00;1.77;-2.44;-0.79;0.00;0.00;0.00;-7.94;51.56;0.35;0.00;0.00;0.00;97922.19;23.64;0.11;0.00;E;0.00;N;0.00;0.00;0.00;0.00;0.00;0;0;0;0.00;0;0;0*
$48376;-0.01;0.02;1.02;0.00;0.00;0.00;-0.91;1.22;-2.38;0.00;0.00;0.00;-6.31;50.29;1.22;0.00;0.00;0.00;97924.32;23.64;0.09;0.00;E;0.00;N;0.00;0.00;0.00;0.00;0.00;0;0;0;0.00;0;0;0*
$48476;-0.00;0.02;1.02;0.00;0.00;0.00;-5.61;5.30;6.52;0.00;0.00;0.00;-7.94;50.48;0.70;0.00;0.00;0.00;97921.50;23.64;0.11;0.00;E;0.00;N;0.00;0.00;0.00;0.00;0.00;0;0;0;0.00;0;0;0*
$48576;-0.01;0.02;1.03;0.00;0.00;0.00;-0.55;-4.45;-1.16;0.00;0.00;0.00;-9.02;50.84;-0.70;0.00;0.00;0.00;97922.60;23.65;0.11;0.00;E;0.00;N;0.00;0.00;0.00;0.00;0.00;0;0;0;0.00;0;0;0*
$48676;0.00;0.02;1.02;0.00;0.00;0.00;-0.37;-2.80;6.52;0.00;0.00;0.00;-8.30;50.84;0.70;0.00;0.00;0.00;97925.61;23.65;0.09;0.00;E;0.00;N;0.00;0.00;0.00;0.00;0.00;0;0;0;0.00;0;0;0*
$48776;-0.00;0.02;1.03;0.00;0.00;0.00;1.77;-5.49;-2.56;0.00;0.00;0.00;-6.49;49.39;0.70;0.00;0.00;0.00;97921.86;23.65;0.11;0.00;E;0.00;N;0.00;0.00;0.00;0.00;0.00;0;0;0;0.00;0;0;0*
$48876;0.00;0.02;1.02;0.00;0.00;0.00;2.56;2.50;4.76;0.00;0.00;0.00;-7.40;49.20;0.17;0.00;0.00;0.00;97922.38;23.64;0.11;0.00;E;0.00;N;0.00;0.00;0.00;0.00;0.00;0;0;0;0.00;0;0;0*
$48976;-0.00;0.01;1.02;0.00;0.00;0.00;-5.43;-10.79;-3.78;0.00;0.00;0.00;-7.94;49.39;1.04;0.00;0.00;0.00;97921.50;23.64;0.11;0.00;E;0.00;N;0.00;0.00;0.00;0.00;0.00;0;0;0;0.00;0;0;0*
$49076;-0.00;0.02;1.02;0.00;0.00;0.00;-0.98;11.65;-3.29;0.00;0.00;0.00;-7.76;51.02;1.57;0.00;0.00;0.00;97925.96;23.65;0.08;0.00;E;0.00;N;0.00;0.00;0.00;0.00;0.00;0;0;0;0.00;0;0;0*
$49176;-0.00;0.02;1.03;0.00;0.00;0.00;2.74;-3.05;-7.93;0.00;0.00;0.00;-9.20;51.38;0.17;0.00;0.00;0.00;97925.44;23.65;0.09;0.00;E;0.00;N;0.00;0.00;0.00;0.00;0.00;0;0;0;0.00;0;0;0*
$49276;-0.00;0.02;1.02;0.00;0.00;0.00;0.00;5.73;0.30;0.00;0.00;0.00;-7.22;49.75;1.04;0.00;0.00;0.00;97924.75;23.65;0.09;0.00;E;0.00;N;0.00;0.00;0.00;0.00;0.00;0;0;0;0.00;0;0;0*
$49376;0.00;0.02;1.02;0.00;0.00;0.00;0.98;8.17;-6.46;0.00;0.00;0.00;-6.13;50.11;-0.35;0.00;0.00;0.00;97926.53;23.65;0.08;0.00;E;0.00;N;0.00;0.00;0.00;0.00;0.00;0;0;0;0.00;0;0;0*
$49476;-0.00;0.01;1.03;0.00;0.00;0.00;-2.50;5.12;3.48;0.00;0.00;0.00;-6.67;49.93;0.17;0.00;0.00;0.00;97927.25;23.65;0.07;0.00;E;0.00;N;0.00;0.00;0.00;0.00;0.00;0;0;0;0.00;0;0;0*
$49576;-0.00;0.01;1.02;0.00;0.00;0.00;-1.34;3.72;-0.24;0.00;0.00;0.00;-6.49;51.20;0.00;0.00;0.00;0.00;97927.75;23.65;0.07;0.00;E;0.00;N;0.00;0.00;0.00;0.00;0.00;0;0;0;0.00;0;0;0*
$49676;-0.00;0.02;1.02;0.00;0.00;0.00;1.59;1.65;-8.41;0.00;0.00;0.00;-7.40;50.66;0.52;0.00;0.00;0.00;97928.14;23.65;0.07;0.00;E;0.00;N;0.00;0.00;0.00;0.00;0.00;0;0;0;0.00;0;0;0*
$49776;-0.01;0.02;1.02;0.00;0.00;0.00;0.98;-4.21;-1.16;0.00;0.00;0.00;-7.94;51.20;0.35;0.00;0.00;0.00;97924.16;23.64;0.10;0.00;E;0.00;N;0.00;0.00;0.00;0.00;0.00;0;0;0;0.00;0;0;0*
$49876;0.00;0.02;1.02;0.00;0.00;0.00;3.35;0.00;-5.06;0.00;0.00;0.00;-6.86;50.84;0.00;0.00;0.00;0.00;97926.50;23.65;0.08;0.00;E;0.00;N;0.00;0.00;0.00;0.00;0.00;0;0;0;0.00;0;0;0*
$49976;0.00;0.01;1.03;0.00;0.00;0.00;0.79;-5.06;-0.06;0.00;0.00;0.00;-8.30;50.84;1.04;0.00;0.00;0.00;97927.94;23.65;0.07;0.00;E;0.00;N;0.00;0.00;0.00;0.00;0.00;0;0;0;0.00;0;0;0*
$50076;0.00;0.02;1.02;0.00;0.00;0.00;1.22;2.07;-1.65;0.00;0.00;0.00;-6.67;51.75;-0.17;0.00;0.00;0.00;97924.91;23.65;0.09;0.00;E;0.00;N;0.00;0.00;0.00;0.00;0.00;0;0;0;0.00;0;0;0*
$50176;0.00;0.01;1.02;0.00;0.00;0.00;-1.16;5.30;6.89;0.00;0.00;0.00;-7.58;50.84;-0.35;0.00;0.00;0.00;97922.58;23.65;0.11;0.00;E;0.00;N;0.00;0.00;0.00;0.00;0.00;0;0;0;0.00;0;0;0*
$50276;-0.00;0.02;1.02;0.00;0.00;0.00;4.33;10.00;-0.79;0.00;0.00;0.00;-7.22;50.48;1.04;0.00;0.00;0.00;97923.11;23.65;0.10;0.00;E;0.00;N;0.00;0.00;0.00;0.00;0.00;0;0;0;0.00;0;0;0*
$50376;-0.00;0.02;1.03;0.00;0.00;0.00;-0.18;-0.61;8.48;0.00;0.00;0.00;-5.95;48.84;0.17;0.00;0.00;0.00;97928.46;23.65;0.07;0.00;E;0.00;N;0.00;0.00;0.00;0.00;0.00;0;0;0;0.00;0;0;0*
$50476;-0.01;0.02;1.02;0.00;0.00;0.00;1.40;10.18;-4.15;0.00;0.00;0.00;-7.04;49.93;0.17;0.00;0.00;0.00;97926.52;23.65;0.08;0.00;E;0.00;N;0.00;0.00;0.00;0.00;0.00;0;0;0;0.00;0;0;0*
$50576;0.00;0.02;1.02;0.00;0.00;0.00;4.33;2.68;-10.73;0.00;0.00;0.00;-6.86;51.20;-0.35;0.00;0.00;0.00;97925.25;23.65;0.09;0.00;E;0.00;N;0.00;0.00;0.00;0.00;0.00;0;0;0;0.00;0;0;0*
$50676;-0.00;0.02;1.02;0.00;0.00;0.00;0.61;-4.02;3.17;0.00;0.00;0.00;-8.66;49.75;1.39;0.00;0.00;0.00;97925.44;23.65;0.09;0.00;E;0.00;N;0.00;0.00;0.00;0.00;0.00;0;0;0;0.00;0;0;0*
$50776;-0.00;0.02;1.02;0.00;0.00;0.00;1.59;-4.21;-1.65;0.00;0.00;0.00;-6.49;49.39;-0.70;0.00;0.00;0.00;97927.05;23.65;0.07;0.00;E;0.00;N;0.00;0.00;0.00;0.00;0.00;0;0;0;0.00;0;0;0*
$50876;0.00;0.02;1.02;0.00;0.00;0.00;-2.50;-4.02;5.67;0.00;0.00;0.00;-9.20;51.02;-0.17;0.00;0.00;0.00;97924.20;23.65;0.10;0.00;E;0.00;N;0.00;0.00;0.00;0.00;0.00;0;0;0;0.00;0;0;0*
$50976;0.00;0.02;1.02;0.00;0.00;0.00;0.00;0.24;-9.33;0.00;0.00;0.00;-8.12;50.29;0.17;0.00;0.00;0.00;97925.46;23.65;0.09;0.00;E;0.00;N;0.00;0.00;0.00;0.00;0.00;0;0;0;0.00;0;0;0*
