11:58:16.485 -> $45900;-0.01;-0.01;1.02;-0.00;-0.01;1.01;-0.55;-3.29;4.21;0.98;-0.67;-8.96;19.84;54.47;16.35;19.84;54.47;16.35;101524.90;21.62;0.06;0.00;0.00;0.00;0.0000000000;0.0000000000;0.0000000000;0;0;0;0.00;0;0;0*
11:58:16.580 -> $46000;-0.00;-0.01;1.01;-0.00;-0.02;1.02;-1.71;0.73;9.02;-0.18;-12.26;2.07;18.76;53.38;15.31;18.76;53.38;15.31;101528.32;21.62;0.04;0.00;0.00;0.00;0.0000000000;0.0000000000;0.0000000000;0;0;0;0.00;0;0;0*
11:58:16.672 -> $46100;-0.00;-0.01;1.02;-0.00;-0.01;1.01;2.56;7.26;-8.29;3.72;6.89;1.04;20.38;54.29;16.18;20.38;54.29;16.18;101529.24;21.62;0.03;0.00;0.00;0.00;0.0000000000;0.0000000000;0.0000000000;0;0;0;0.00;0;0;0*
11:58:16.812 -> $46200;-0.01;-0.01;1.01;-0.00;-0.02;1.00;3.54;-0.49;8.29;1.40;-3.72;3.35;20.20;54.11;15.66;19.84;53.74;16.70;101527.25;21.62;0.04;0.00;0.00;0.00;0.0000000000;0.0000000000;0.0000000000;0;0;0;0.00;0;0;0*
11:58:16.905 -> $46300;-0.00;-0.01;1.02;0.00;-0.01;1.01;1.22;2.38;2.62;0.24;-1.28;-11.28;19.84;54.11;16.00;18.94;54.65;15.13;101529.41;21.62;0.03;0.00;0.00;0.00;0.0000000000;0.0000000000;0.0000000000;0;0;0;0.00;0;0;0*
11:58:16.999 -> $46400;-0.00;-0.01;1.01;-0.01;-0.01;1.01;-1.16;2.62;-1.65;-6.77;8.96;1.34;19.30;53.93;15.83;19.30;53.93;15.83;101532.93;21.62;0.01;0.00;0.00;0.00;0.0000000000;0.0000000000;0.0000000000;0;0;0;0.00;0;0;0*
11:58:17.094 -> $46500;-0.00;-0.02;1.02;-0.00;-0.01;1.02;0.43;9.15;4.57;1.59;-7.99;2.99;19.48;53.02;15.31;19.48;53.02;15.31;101530.83;21.62;0.02;0.00;0.00;0.00;0.0000000000;0.0000000000;0.0000000000;0;0;0;0.00;0;0;0*
11:58:17.187 -> $46600;-0.00;-0.02;1.02;-0.00;-0.02;1.01;-0.18;4.21;2.62;-0.73;-2.07;5.30;18.04;53.02;16.70;18.04;53.02;16.70;101531.80;21.61;0.02;0.00;0.00;0.00;0.0000000000;0.0000000000;0.0000000000;0;0;0;0.00;0;0;0*
11:58:17.281 -> $46700;-0.00;-0.01;1.02;-0.00;-0.01;1.02;2.93;-0.06;2.07;-2.50;12.56;3.17;21.11;54.29;15.83;21.11;54.29;15.83;101530.80;21.62;0.02;0.00;0.00;0.00;0.0000000000;0.0000000000;0.0000000000;0;0;0;0.00;0;0;0*
11:58:17.374 -> $46800;-0.00;-0.01;1.01;-0.00;-0.01;1.01;-0.98;4.82;-3.78;-0.37;-6.77;1.71;19.66;52.47;14.79;19.66;52.47;14.79;101533.07;21.62;0.01;0.00;0.00;0.00;0.0000000000;0.0000000000;0.0000000000;0;0;0;0.00;0;0;0*
11:58:17.514 -> $46900;-0.00;-0.02;1.01;-0.01;-0.01;1.01;-2.68;3.23;-7.01;-0.37;0.12;2.44;19.66;53.93;15.13;19.30;52.84;16.87;101527.92;21.62;0.04;0.00;0.00;0.00;0.0000000000;0.0000000000;0.0000000000;0;0;0;0.00;0;0;0*
11:58:17.607 -> $47000;-0.00;-0.01;1.01;-0.01;-0.01;1.02;3.90;7.32;0.85;4.88;12.20;-7.20;19.84;54.83;16.00;21.11;55.01;15.48;101531.83;21.62;0.02;0.00;0.00;0.00;0.0000000000;0.0000000000;0.0000000000;0;0;0;0.00;0;0;0*
11:58:17.701 -> $47100;-0.01;-0.01;1.01;-0.00;-0.01;1.02;-0.73;-3.11;5.98;-1.52;8.90;-10.06;20.75;52.84;15.83;20.38;55.38;16.87;101530.74;21.61;0.02;0.00;0.00;0.00;0.0000000000;0.0000000000;0.0000000000;0;0;0;0.00;0;0;0*
11:58:17.794 -> $47200;-0.01;-0.01;1.02;-0.00;-0.01;1.01;-0.98;-3.11;-0.06;-0.18;3.23;3.84;18.76;52.65;14.96;18.76;52.65;14.96;101533.14;21.62;0.01;0.00;0.00;0.00;0.0000000000;0.0000000000;0.0000000000;0;0;0;0.00;0;0;0*
11:58:17.888 -> $47300;-0.01;-0.01;1.01;-0.00;-0.02;1.01;0.98;6.89;5.49;2.56;9.15;8.48;18.76;53.74;16.00;18.76;53.74;16.00;101528.35;21.62;0.04;0.00;0.00;0.00;0.0000000000;0.0000000000;0.0000000000;0;0;0;0.00;0;0;0*
11:58:17.981 -> $47400;-0.00;-0.02;1.02;-0.00;-0.01;1.01;-2.13;2.62;-9.33;2.56;9.94;2.99;19.66;54.29;15.48;19.66;54.29;15.48;101526.22;21.62;0.05;0.00;0.00;0.00;0.0000000000;0.0000000000;0.0000000000;0;0;0;0.00;0;0;0*
11:58:18.075 -> $47500;-0.00;-0.01;1.01;0.00;-0.01;1.02;-1.89;1.59;8.29;4.33;7.07;0.85;18.58;52.47;16.53;18.58;52.47;16.53;101526.00;21.62;0.05;0.00;0.00;0.00;0.0000000000;0.0000000000;0.0000000000;0;0;0;0.00;0;0;0*
11:58:18.214 -> $47600;-0.00;-0.01;1.02;-0.01;-0.01;1.02;-3.48;-9.82;8.29;-3.11;2.80;1.71;19.12;54.83;16.70;19.12;54.83;16.70;101533.86;21.62;0.00;0.00;0.00;0.00;0.0000000000;0.0000000000;0.0000000000;0;0;0;0.00;0;0;0*
11:58:18.308 -> $47700;-0.00;-0.01;1.01;-0.00;-0.01;1.02;1.59;2.99;5.79;-0.73;0.18;-9.33;18.58;53.93;14.79;19.66;55.01;14.79;101534.89;21.62;-0.00;0.00;0.00;0.00;0.0000000000;0.0000000000;0.0000000000;0;0;0;0.00;0;0;0*
11:58:18.401 -> $47800;-0.00;-0.01;1.02;-0.00;-0.01;1.02;1.95;-1.04;14.02;1.77;-2.50;-5.91;19.66;54.29;15.48;18.76;55.20;16.00;101532.97;21.62;0.01;0.00;0.00;0.00;0.0000000000;0.0000000000;0.0000000000;0;0;0;0.00;0;0;0*
11:58:18.494 -> $47900;-0.01;-0.01;1.01;-0.00;-0.01;1.02;-4.45;-4.70;-5.91;-1.52;5.85;-1.46;18.94;53.20;15.83;18.94;53.20;15.83;101525.05;21.61;0.06;0.00;0.00;0.00;0.0000000000;0.0000000000;0.0000000000;0;0;0;0.00;0;0;0*
11:58:18.588 -> $48000;-0.00;-0.01;1.01;-0.00;-0.01;1.01;0.24;2.20;1.52;1.95;0.73;-4.88;16.78;54.65;16.53;16.78;54.65;16.53;101526.39;21.62;0.05;0.00;0.00;0.00;0.0000000000;0.0000000000;0.0000000000;0;0;0;0.00;0;0;0*
11:58:18.681 -> $48100;0.00;-0.01;1.01;-0.00;-0.01;1.02;3.35;3.41;1.16;-1.16;-1.89;11.16;19.66;53.56;16.53;19.66;53.56;16.53;101529.96;21.62;0.03;0.00;0.00;0.00;0.0000000000;0.0000000000;0.0000000000;0;0;0;0.00;0;0;0*
11:58:18.775 -> $48200;-0.00;-0.01;1.01;-0.00;-0.01;1.02;0.98;-2.93;4.76;-4.27;-1.83;0.30;19.30;54.65;16.18;19.30;54.65;16.18;101532.97;21.62;0.01;0.00;0.00;0.00;0.0000000000;0.0000000000;0.0000000000;0;0;0;0.00;0;0;0*
11:58:18.871 -> $48300;-0.00;-0.01;1.02;-0.00;-0.01;1.02;2.38;-0.85;10.98;-1.34;3.60;-2.74;19.48;55.92;16.35;19.48;55.92;16.35;101531.91;21.62;0.02;0.00;0.00;0.00;0.0000000000;0.0000000000;0.0000000000;0;0;0;0.00;0;0;0*
11:58:19.008 -> $48400;-0.01;-0.01;1.02;-0.00;-0.01;1.01;-1.34;2.62;-4.33;-1.16;4.02;-2.01;18.76;53.74;16.00;18.58;54.65;15.83;101526.22;21.62;0.05;0.00;0.00;0.00;0.0000000000;0.0000000000;0.0000000000;0;0;0;0.00;0;0;0*
11:58:19.102 -> $48500;-0.01;-0.01;1.02;-0.00;-0.01;1.02;-0.55;4.02;8.66;1.95;-6.16;-0.43;19.30;55.01;17.22;19.48;55.56;16.70;101529.63;21.63;0.03;0.00;0.00;0.00;0.0000000000;0.0000000000;0.0000000000;0;0;0;0.00;0;0;0*
11:58:19.196 -> $48600;-0.00;-0.01;1.01;-0.01;-0.01;1.01;0.61;-2.07;11.16;2.13;-1.46;-5.43;19.12;53.38;16.70;19.12;53.38;16.70;101529.52;21.62;0.03;0.00;0.00;0.00;0.0000000000;0.0000000000;0.0000000000;0;0;0;0.00;0;0;0*
11:58:19.290 -> $48700;0.00;-0.01;1.01;-0.00;-0.01;1.02;-3.66;1.16;4.02;-1.34;3.23;-3.96;18.04;54.83;17.05;18.04;54.83;17.05;101529.02;21.62;0.03;0.00;0.00;0.00;0.0000000000;0.0000000000;0.0000000000;0;0;0;0.00;0;0;0*
11:58:19.383 -> $48800;-0.00;-0.01;1.01;-0.00;-0.01;1.02;0.00;0.18;10.79;0.24;8.11;2.80;17.68;54.83;14.96;17.68;54.83;14.96;101529.52;21.62;0.03;0.00;0.00;0.00;0.0000000000;0.0000000000;0.0000000000;0;0;0;0.00;0;0;0*
11:58:19.479 -> $48900;-0.00;-0.01;1.02;-0.00;-0.01;1.02;0.61;-0.61;-5.24;0.98;12.99;3.17;18.40;54.83;16.70;18.40;54.83;16.70;101531.19;21.62;0.02;0.00;0.00;0.00;0.0000000000;0.0000000000;0.0000000000;0;0;0;0.00;0;0;0*
11:58:19.570 -> $49000;-0.00;-0.01;1.02;-0.00;-0.01;1.01;-1.16;-10.61;8.48;-2.87;12.56;1.89;19.48;53.02;16.35;19.48;53.02;16.35;101530.62;21.62;0.02;0.00;0.00;0.00;0.0000000000;0.0000000000;0.0000000000;0;0;0;0.00;0;0;0*
11:58:19.710 -> $49100;-0.00;-0.01;1.02;-0.01;-0.01;1.02;-1.34;9.57;-4.33;-3.48;9.51;-1.83;18.22;53.20;16.18;18.22;53.20;16.18;101531.51;21.62;0.02;0.00;0.00;0.00;0.0000000000;0.0000000000;0.0000000000;0;0;0;0.00;0;0;0*
11:58:19.802 -> $49200;-0.00;-0.01;1.02;-0.01;-0.01;1.02;0.98;-4.94;8.66;-1.52;1.16;0.12;19.12;54.11;15.66;18.58;54.65;15.48;101532.93;21.62;0.01;0.00;0.00;0.00;0.0000000000;0.0000000000;0.0000000000;0;0;0;0.00;0;0;0*
11:58:19.895 -> $49300;-0.00;-0.02;1.01;-0.01;-0.01;1.02;-1.71;5.24;3.84;-1.89;8.48;12.26;20.20;53.74;16.35;18.58;54.29;16.53;101528.88;21.62;0.03;0.00;0.00;0.00;0.0000000000;0.0000000000;0.0000000000;0;0;0;0.00;0;0;0*
11:58:19.989 -> $49400;-0.00;-0.01;1.02;-0.00;-0.01;1.02;0.61;-1.89;-4.33;2.13;0.61;0.12;19.30;54.29;16.18;19.30;54.29;16.18;101534.00;21.62;0.00;0.00;0.00;0.00;0.0000000000;0.0000000000;0.0000000000;0;0;0;0.00;0;0;0*
11:58:20.085 -> $49500;-0.00;-0.01;1.02;-0.00;-0.01;1.01;0.43;-1.22;11.16;-1.89;3.84;2.44;18.40;54.11;14.61;18.40;54.11;14.61;101535.99;21.62;-0.01;0.00;0.00;0.00;0.0000000000;0.0000000000;0.0000000000;0;0;0;0.00;0;0;0*
11:58:20.179 -> $49600;0.00;-0.01;1.02;-0.00;-0.01;1.02;-0.37;-1.28;-1.65;-0.37;-2.68;11.52;19.84;53.02;16.00;19.84;53.02;16.00;101534.61;21.63;-0.00;0.00;0.00;0.00;0.0000000000;0.0000000000;0.0000000000;0;0;0;0.00;0;0;0*
11:58:20.270 -> $49700;-0.00;-0.02;1.02;-0.00;-0.01;1.02;0.00;5.06;8.29;-5.24;9.33;1.52;19.12;54.11;16.00;19.12;54.11;16.00;101529.60;21.62;0.03;0.00;0.00;0.00;0.0000000000;0.0000000000;0.0000000000;0;0;0;0.00;0;0;0*
11:58:20.409 -> $49800;-0.00;-0.01;1.02;-0.00;-0.01;1.02;-1.52;-2.44;3.48;2.13;-0.06;-0.24;19.84;54.83;15.31;19.48;53.74;14.96;101532.22;21.63;0.01;0.00;0.00;0.00;0.0000000000;0.0000000000;0.0000000000;0;0;0;0.00;0;0;0*
11:58:20.503 -> $49900;-0.00;-0.01;1.02;-0.00;-0.01;1.02;-0.55;-7.56;-0.43;-4.09;-6.16;6.52;18.94;55.74;15.48;19.30;54.29;14.79;101531.48;21.62;0.02;0.00;0.00;0.00;0.0000000000;0.0000000000;0.0000000000;0;0;0;0.00;0;0;0*
11:58:20.596 -> $50000;-0.01;-0.01;1.01;-0.00;-0.01;1.02;-3.84;9.51;-2.74;-1.89;4.02;-10.61;18.58;53.20;15.83;18.76;54.11;17.05;101529.52;21.63;0.03;0.00;0.00;0.00;0.0000000000;0.0000000000;0.0000000000;0;0;0;0.00;0;0;0*
11:58:20.692 -> $50100;-0.00;-0.01;1.02;-0.00;-0.01;1.02;3.11;10.30;0.49;-2.50;3.41;-2.74;18.40;54.83;15.66;18.40;54.83;15.66;101530.34;21.63;0.02;0.00;0.00;0.00;0.0000000000;0.0000000000;0.0000000000;0;0;0;0.00;0;0;0*
11:58:20.783 -> $50200;-0.01;-0.01;1.02;-0.01;-0.01;1.02;4.09;-0.85;2.26;-1.16;2.20;1.16;18.58;53.93;16.53;18.58;53.93;16.53;101532.11;21.63;0.01;0.00;0.00;0.00;0.0000000000;0.0000000000;0.0000000000;0;0;0;0.00;0;0;0*
11:58:20.876 -> $50300;-0.00;-0.01;1.01;-0.00;-0.02;1.01;-1.89;8.90;-13.60;-0.37;-2.68;7.07;19.66;53.20;15.48;19.66;53.20;15.48;101531.37;21.62;0.02;0.00;0.00;0.00;0.0000000000;0.0000000000;0.0000000000;0;0;0;0.00;0;0;0*
11:58:20.970 -> $50400;-0.00;-0.01;1.01;-0.00;-0.01;1.02;-0.73;-4.94;2.07;4.09;4.45;0.12;18.22;54.65;16.18;18.22;54.65;16.18;101530.83;21.62;0.02;0.00;0.00;0.00;0.0000000000;0.0000000000;0.0000000000;0;0;0;0.00;0;0;0*
11:58:21.111 -> $50500;-0.01;-0.01;1.01;-0.00;-0.01;1.01;1.22;11.16;0.30;-1.52;5.43;-3.29;19.12;54.83;16.70;19.12;54.83;16.70;101527.78;21.62;0.04;0.00;0.00;0.00;0.0000000000;0.0000000000;0.0000000000;0;0;0;0.00;0;0;0*
11:58:21.204 -> $50600;-0.00;-0.01;1.01;-0.01;-0.01;1.01;-3.11;-4.33;7.26;0.00;0.98;-2.38;18.94;54.65;15.83;18.22;53.93;15.83;101527.92;21.62;0.04;0.00;0.00;0.00;0.0000000000;0.0000000000;0.0000000000;0;0;0;0.00;0;0;0*
11:58:21.300 -> $50700;-0.00;-0.01;1.02;-0.00;-0.01;1.01;2.74;-0.61;-4.33;0.43;14.39;4.94;18.94;53.93;15.48;19.30;53.56;16.87;101528.35;21.62;0.04;0.00;0.00;0.00;0.0000000000;0.0000000000;0.0000000000;0;0;0;0.00;0;0;0*
11:58:21.391 -> $50800;-0.00;-0.01;1.01;-0.01;-0.01;1.02;-4.09;0.37;1.16;1.77;-4.33;-0.43;18.58;55.38;15.83;20.75;53.93;16.18;101526.89;21.62;0.05;0.00;0.00;0.00;0.0000000000;0.0000000000;0.0000000000;0;0;0;0.00;0;0;0*
11:58:21.484 -> $50900;-0.00;-0.02;1.01;-0.00;-0.02;1.02;-0.55;2.62;-1.46;-4.09;1.59;10.43;18.58;53.20;15.83;18.58;53.20;15.83;101527.07;21.62;0.05;0.00;0.00;0.00;0.0000000000;0.0000000000;0.0000000000;0;0;0;0.00;0;0;0*
11:58:21.577 -> $51000;-0.01;-0.01;1.02;-0.01;-0.01;1.01;2.93;-5.30;0.12;2.38;0.55;8.84;17.86;54.29;15.48;17.86;54.29;15.48;101525.25;21.62;0.06;0.00;0.00;0.00;0.0000000000;0.0000000000;0.0000000000;0;0;0;0.00;0;0;0*
11:58:21.670 -> $51100;-0.00;-0.01;1.02;-0.00;-0.01;1.02;-5.61;-4.15;-1.16;-0.55;2.80;-8.78;19.84;53.38;16.35;19.84;53.38;16.35;101527.07;21.62;0.05;0.00;0.00;0.00;0.0000000000;0.0000000000;0.0000000000;0;0;0;0.00;0;0;0*
11:58:21.809 -> $51200;-0.00;-0.01;1.02;-0.00;-0.01;1.02;-1.16;-2.32;-1.16;3.72;4.02;2.07;18.22;54.65;16.18;18.22;54.65;16.18;101527.07;21.62;0.05;0.00;0.00;0.00;0.0000000000;0.0000000000;0.0000000000;0;0;0;0.00;0;0;0*
11:58:21.907 -> $51300;-0.00;-0.01;1.02;-0.00;-0.01;1.01;2.13;5.06;-0.24;4.33;10.12;-2.38;19.30;54.29;14.09;20.57;51.93;17.40;101529.24;21.62;0.03;0.00;0.00;0.00;0.0000000000;0.0000000000;0.0000000000;0;0;0;0.00;0;0;0*
11:58:21.997 -> $51400;-0.00;-0.01;1.01;-0.01;-0.01;1.02;-3.29;2.99;9.39;0.00;0.79;-4.70;19.30;53.20;15.83;18.22;54.65;16.87;101524.97;21.62;0.06;0.00;0.00;0.00;0.0000000000;0.0000000000;0.0000000000;0;0;0;0.00;0;0;0*
11:58:22.090 -> $51500;0.00;-0.01;1.02;0.00;-0.01;1.02;-0.98;-9.39;9.57;-0.18;-2.32;1.52;18.76;53.74;15.31;18.76;53.74;15.31;101527.82;21.62;0.04;0.00;0.00;0.00;0.0000000000;0.0000000000;0.0000000000;0;0;0;0.00;0;0;0*
11:58:22.183 -> $51600;-0.00;-0.01;1.02;-0.00;-0.01;1.01;3.35;-7.56;10.30;-0.98;-8.35;-0.24;18.94;53.56;15.48;18.94;53.56;15.48;101530.16;21.63;0.03;0.00;0.00;0.00;0.0000000000;0.0000000000;0.0000000000;0;0;0;0.00;0;0;0*
11:58:22.276 -> $51700;-0.00;-0.01;1.01;-0.00;-0.01;1.01;-1.16;-0.85;4.21;0.79;10.18;-2.20;20.20;53.74;16.70;20.20;53.74;16.70;101530.88;21.63;0.02;0.00;0.00;0.00;0.0000000000;0.0000000000;0.0000000000;0;0;0;0.00;0;0;0*
11:58:22.370 -> $51800;-0.00;-0.01;1.02;-0.00;-0.01;1.01;0.61;6.46;-0.61;4.51;6.46;-5.06;19.84;54.83;17.05;19.84;54.83;17.05;101528.35;21.62;0.04;0.00;0.00;0.00;0.0000000000;0.0000000000;0.0000000000;0;0;0;0.00;0;0;0*
11:58:22.512 -> $51900;-0.00;-0.01;1.01;-0.01;-0.01;1.02;1.22;3.84;1.16;0.61;-3.11;6.34;19.66;53.93;15.83;19.66;53.93;15.83;101528.28;21.62;0.04;0.00;0.00;0.00;0.0000000000;0.0000000000;0.0000000000;0;0;0;0.00;0;0;0*
11:58:22.603 -> $52000;-0.00;-0.01;1.01;0.00;-0.01;1.01;-0.98;6.71;10.79;-0.18;1.16;-3.48;19.30;53.93;17.22;19.30;53.93;17.22;101526.75;21.62;0.05;0.00;0.00;0.00;0.0000000000;0.0000000000;0.0000000000;0;0;0;0.00;0;0;0*
11:58:22.696 -> $52100;-0.01;-0.01;1.01;-0.00;-0.02;1.02;0.61;-1.71;-3.96;-1.71;5.43;0.67;18.76;53.74;16.35;19.84;53.38;15.66;101524.40;21.62;0.06;0.00;0.00;0.00;0.0000000000;0.0000000000;0.0000000000;0;0;0;0.00;0;0;0*
11:58:22.790 -> $52200;-0.01;-0.01;1.02;-0.00;-0.01;1.02;1.40;4.21;-2.01;3.11;11.77;2.62;16.96;54.47;16.70;20.38;54.65;15.83;101527.25;21.62;0.04;0.00;0.00;0.00;0.0000000000;0.0000000000;0.0000000000;0;0;0;0.00;0;0;0*
11:58:22.883 -> $52300;-0.00;-0.01;1.02;0.00;-0.01;1.01;-1.71;5.85;-0.06;-0.55;2.62;13.66;18.40;53.74;16.35;18.40;53.74;16.35;101524.75;21.62;0.06;0.00;0.00;0.00;0.0000000000;0.0000000000;0.0000000000;0;0;0;0.00;0;0;0*
11:58:22.977 -> $52400;-0.00;-0.01;1.02;-0.00;-0.01;1.02;4.33;0.98;11.89;-1.71;5.67;-1.16;19.30;52.47;16.53;19.30;52.47;16.53;101527.82;21.62;0.04;0.00;0.00;0.00;0.0000000000;0.0000000000;0.0000000000;0;0;0;0.00;0;0;0*
11:58:23.071 -> $52500;-0.00;-0.01;1.02;-0.01;-0.01;1.02;0.43;6.28;-6.10;-0.37;3.23;0.30;19.48;53.02;15.66;19.48;53.02;15.66;101527.21;21.62;0.04;0.00;0.00;0.00;0.0000000000;0.0000000000;0.0000000000;0;0;0;0.00;0;0;0*
11:58:23.210 -> $52600;-0.01;-0.01;1.01;-0.00;-0.01;1.02;0.98;-3.11;11.71;1.59;-4.94;-2.74;17.32;54.83;16.35;17.32;54.83;16.35;101527.63;21.62;0.04;0.00;0.00;0.00;0.0000000000;0.0000000000;0.0000000000;0;0;0;0.00;0;0;0*
11:58:23.303 -> $52700;-0.01;-0.01;1.01;-0.00;-0.01;1.01;7.01;6.46;4.94;1.95;4.02;-3.48;19.30;53.56;16.18;19.30;53.56;16.18;101525.08;21.62;0.06;0.00;0.00;0.00;0.0000000000;0.0000000000;0.0000000000;0;0;0;0.00;0;0;0*
11:58:23.397 -> $52800;-0.00;-0.01;1.01;-0.00;-0.01;1.02;2.74;8.48;-4.88;1.22;8.96;1.89;19.30;54.65;14.44;19.66;53.56;16.87;101526.35;21.62;0.05;0.00;0.00;0.00;0.0000000000;0.0000000000;0.0000000000;0;0;0;0.00;0;0;0*
11:58:23.491 -> $52900;-0.00;-0.01;1.02;-0.00;-0.01;1.02;-4.45;7.50;-4.15;0.79;8.11;5.49;19.30;55.74;15.83;17.50;54.29;15.48;101528.42;21.61;0.04;0.00;0.00;0.00;0.0000000000;0.0000000000;0.0000000000;0;0;0;0.00;0;0;0*
11:58:23.585 -> $53000;-0.00;-0.01;1.02;-0.01;-0.02;1.01;0.98;-0.85;2.80;4.51;8.72;-8.41;18.40;55.20;16.35;18.40;55.20;16.35;101527.92;21.62;0.04;0.00;0.00;0.00;0.0000000000;0.0000000000;0.0000000000;0;0;0;0.00;0;0;0*
11:58:23.679 -> $53100;-0.00;-0.01;1.02;-0.00;-0.01;1.01;-1.16;10.55;5.67;-0.18;2.20;4.21;21.47;53.20;15.83;21.47;53.20;15.83;101526.35;21.62;0.05;0.00;0.00;0.00;0.0000000000;0.0000000000;0.0000000000;0;0;0;0.00;0;0;0*
11:58:23.788 -> $53200;-0.00;-0.01;1.02;-0.01;-0.01;1.01;2.56;-8.35;-3.60;-3.29;18.29;-4.51;19.30;53.56;15.83;19.30;53.56;15.83;101532.36;21.62;0.01;0.00;0.00;0.00;0.0000000000;0.0000000000;0.0000000000;0;0;0;0.00;0;0;0*
11:58:23.902 -> $53300;-0.00;-0.01;1.02;0.00;-0.01;1.01;-1.52;7.87;4.21;0.61;-5.37;1.52;19.66;53.93;16.18;19.66;53.93;16.18;101529.60;21.62;0.03;0.00;0.00;0.00;0.0000000000;0.0000000000;0.0000000000;0;0;0;0.00;0;0;0*
11:58:23.995 -> $53400;-0.00;-0.02;1.02;-0.01;-0.01;1.02;-0.18;9.57;5.79;0.24;4.45;3.66;20.02;54.29;16.18;20.02;54.29;16.18;101528.66;21.62;0.04;0.00;0.00;0.00;0.0000000000;0.0000000000;0.0000000000;0;0;0;0.00;0;0;0*
11:58:24.089 -> $53500;-0.00;-0.01;1.02;-0.01;-0.01;1.01;-0.73;1.40;7.44;0.61;-3.29;8.29;19.48;54.47;15.66;19.48;54.47;15.66;101529.27;21.63;0.03;0.00;0.00;0.00;0.0000000000;0.0000000000;0.0000000000;0;0;0;0.00;0;0;0*
11:58:24.182 -> $53600;-0.01;-0.01;1.02;-0.00;-0.02;1.02;-3.29;0.37;0.49;0.43;-3.48;-3.60;18.22;53.93;17.57;19.66;54.29;16.18;101531.02;21.62;0.02;0.00;0.00;0.00;0.0000000000;0.0000000000;0.0000000000;0;0;0;0.00;0;0;0*
11:58:24.276 -> $53700;-0.00;-0.01;1.02;-0.01;-0.01;1.02;-2.68;3.60;3.66;-0.98;4.39;11.52;18.22;55.38;17.22;19.48;54.11;15.31;101527.64;21.62;0.04;0.00;0.00;0.00;0.0000000000;0.0000000000;0.0000000000;0;0;0;0.00;0;0;0*
11:58:24.370 -> $53800;-0.00;-0.01;1.01;-0.00;-0.01;1.02;-0.37;-4.94;-4.70;2.38;6.28;-7.01;18.58;54.65;15.83;18.58;54.65;15.83;101527.42;21.62;0.04;0.00;0.00;0.00;0.0000000000;0.0000000000;0.0000000000;0;0;0;0.00;0;0;0*
11:58:24.509 -> $53900;-0.00;-0.01;1.01;-0.00;-0.01;1.01;1.59;-2.87;-0.24;-0.55;0.30;8.29;18.22;55.01;15.13;18.22;55.01;15.13;101528.52;21.62;0.04;0.00;0.00;0.00;0.0000000000;0.0000000000;0.0000000000;0;0;0;0.00;0;0;0*
11:58:24.603 -> $54000;0.00;-0.01;1.02;-0.00;-0.01;1.01;0.43;8.72;-2.74;-3.29;1.83;-10.73;19.48;53.38;14.61;19.48;53.38;14.61;101526.21;21.62;0.05;0.00;0.00;0.00;0.0000000000;0.0000000000;0.0000000000;0;0;0;0.00;0;0;0*
11:58:24.696 -> $54100;-0.00;-0.01;1.02;-0.00;-0.01;1.02;1.59;-6.95;1.71;-0.18;5.67;-6.28;18.40;53.74;16.35;18.40;53.74;16.35;101533.14;21.62;0.01;0.00;0.00;0.00;0.0000000000;0.0000000000;0.0000000000;0;0;0;0.00;0;0;0*
11:58:24.790 -> $54200;-0.01;-0.01;1.02;-0.00;-0.02;1.02;3.35;-2.93;13.84;0.43;2.56;-0.43;17.32;54.47;16.70;17.32;54.47;16.70;101529.59;21.62;0.03;0.00;0.00;0.00;0.0000000000;0.0000000000;0.0000000000;0;0;0;0.00;0;0;0*
11:58:24.883 -> $54300;0.00;-0.01;1.02;-0.01;-0.01;1.02;-0.98;-1.10;7.07;0.24;2.20;7.62;18.94;53.93;15.13;18.76;53.02;14.96;101530.59;21.62;0.02;0.00;0.00;0.00;0.0000000000;0.0000000000;0.0000000000;0;0;0;0.00;0;0;0*
11:58:24.977 -> $54400;-0.01;-0.01;1.02;-0.00;-0.01;1.02;2.56;5.67;-1.65;-2.32;1.95;2.99;18.76;53.02;16.70;17.32;55.20;16.35;101530.09;21.62;0.03;0.00;0.00;0.00;0.0000000000;0.0000000000;0.0000000000;0;0;0;0.00;0;0;0*
11:58:25.070 -> $54500;-0.00;-0.01;1.02;-0.00;-0.01;1.01;-4.09;15.24;-1.28;-2.32;1.59;-0.61;20.02;54.65;15.83;20.02;54.65;15.83;101534.17;21.62;0.00;0.00;0.00;0.00;0.0000000000;0.0000000000;0.0000000000;0;0;0;0.00;0;0;0*
11:58:25.210 -> $54600;-0.00;-0.01;1.02;-0.00;-0.01;1.01;2.74;2.38;10.12;-3.29;17.68;0.67;19.30;53.56;14.79;19.30;53.56;14.79;101529.60;21.62;0.03;0.00;0.00;0.00;0.0000000000;0.0000000000;0.0000000000;0;0;0;0.00;0;0;0*
11:58:25.304 -> $54700;-0.01;-0.01;1.02;-0.00;-0.01;1.02;-0.18;-0.85;11.34;-1.89;15.00;5.12;20.02;52.47;16.87;20.02;52.47;16.87;101531.72;21.62;0.02;0.00;0.00;0.00;0.0000000000;0.0000000000;0.0000000000;0;0;0;0.00;0;0;0*
11:58:25.397 -> $54800;-0.00;-0.01;1.01;-0.00;-0.01;1.02;0.79;5.06;-0.43;-1.52;3.23;-4.70;19.48;53.02;16.70;19.48;53.02;16.70;101528.53;21.62;0.04;0.00;0.00;0.00;0.0000000000;0.0000000000;0.0000000000;0;0;0;0.00;0;0;0*
11:58:25.491 -> $54900;-0.00;-0.02;1.02;-0.00;-0.01;1.02;2.93;-3.72;2.99;4.70;3.41;3.84;18.94;53.20;15.83;18.94;53.20;15.83;101524.61;21.61;0.06;0.00;0.00;0.00;0.0000000000;0.0000000000;0.0000000000;0;0;0;0.00;0;0;0*
11:58:25.583 -> $55000;0.00;-0.02;1.02;-0.00;-0.01;1.01;0.24;-1.71;-4.33;3.11;-0.49;1.34;18.04;54.47;16.35;19.48;53.38;14.96;101533.67;21.62;0.00;0.00;0.00;0.00;0.0000000000;0.0000000000;0.0000000000;0;0;0;0.00;0;0;0*
11:58:25.677 -> $55100;-0.00;-0.01;1.02;-0.00;-0.01;1.01;-2.32;5.43;-0.43;5.24;-3.11;-1.46;18.94;53.56;15.83;18.58;53.20;16.18;101531.12;21.62;0.02;0.00;0.00;0.00;0.0000000000;0.0000000000;0.0000000000;0;0;0;0.00;0;0;0*
11:58:25.769 -> $55200;-0.00;-0.01;1.02;-0.00;-0.01;1.01;-2.13;-2.50;-0.06;-1.71;2.01;2.99;18.94;52.84;16.87;18.40;52.29;16.70;101531.66;21.62;0.02;0.00;0.00;0.00;0.0000000000;0.0000000000;0.0000000000;0;0;0;0.00;0;0;0*
11:58:25.909 -> $55300;-0.00;-0.01;1.01;-0.00;-0.01;1.01;1.40;2.44;-4.33;4.51;-1.46;2.80;18.22;55.74;14.79;18.22;55.74;14.79;101533.11;21.62;0.01;0.00;0.00;0.00;0.0000000000;0.0000000000;0.0000000000;0;0;0;0.00;0;0;0*
11:58:26.002 -> $55400;-0.00;-0.01;1.01;-0.00;-0.01;1.02;1.95;0.98;0.67;0.98;8.90;-0.06;19.48;55.20;16.35;19.48;55.20;16.35;101532.25;21.62;0.01;0.00;0.00;0.00;0.0000000000;0.0000000000;0.0000000000;0;0;0;0.00;0;0;0*
11:58:26.096 -> $55500;0.00;-0.01;1.01;-0.00;-0.01;1.01;0.79;-1.89;-1.16;0.61;2.74;-6.83;19.12;53.38;15.66;19.12;53.38;15.66;101527.63;21.62;0.04;0.00;0.00;0.00;0.0000000000;0.0000000000;0.0000000000;0;0;0;0.00;0;0;0*
11:58:26.189 -> $55600;-0.00;-0.01;1.02;-0.01;-0.01;1.02;3.54;11.95;-6.83;1.22;4.02;1.04;19.30;52.47;15.48;19.30;52.47;15.48;101530.94;21.62;0.02;0.00;0.00;0.00;0.0000000000;0.0000000000;0.0000000000;0;0;0;0.00;0;0;0*
11:58:26.282 -> $55700;-0.00;-0.01;1.02;-0.01;-0.01;1.01;-4.82;10.18;-4.33;-1.71;2.20;2.26;20.20;54.47;16.70;20.20;54.47;16.70;101532.79;21.62;0.01;0.00;0.00;0.00;0.0000000000;0.0000000000;0.0000000000;0;0;0;0.00;0;0;0*
11:58:26.376 -> $55800;-0.00;-0.01;1.02;-0.01;-0.01;1.01;-1.89;3.23;-0.79;2.38;-5.37;-8.11;17.68;53.74;16.35;19.48;54.83;16.35;101528.88;21.62;0.03;0.00;0.00;0.00;0.0000000000;0.0000000000;0.0000000000;0;0;0;0.00;0;0;0*
11:58:26.468 -> $55900;-0.00;-0.01;1.01;-0.00;-0.01;1.02;2.56;-0.67;0.12;1.40;-2.50;2.44;19.30;55.74;15.83;18.22;54.65;16.87;101531.02;21.62;0.02;0.00;0.00;0.00;0.0000000000;0.0000000000;0.0000000000;0;0;0;0.00;0;0;0*
11:58:26.608 -> $56000;-0.01;-0.01;1.01;-0.00;-0.01;1.01;-0.73;2.80;0.67;-1.52;-0.85;7.44;19.48;53.38;16.35;19.48;53.38;16.35;101532.79;21.62;0.01;0.00;0.00;0.00;0.0000000000;0.0000000000;0.0000000000;0;0;0;0.00;0;0;0*
11:58:26.702 -> $56100;-0.00;-0.01;1.02;-0.00;-0.02;1.01;0.24;-2.68;13.84;-3.84;1.52;-0.79;19.30;54.65;16.87;19.30;54.65;16.87;101532.97;21.62;0.01;0.00;0.00;0.00;0.0000000000;0.0000000000;0.0000000000;0;0;0;0.00;0;0;0*
11:58:26.796 -> $56200;-0.00;-0.01;1.01;-0.01;-0.01;1.02;1.40;4.02;-1.65;-2.32;-1.28;1.52;20.02;54.29;16.53;20.02;54.29;16.53;101531.73;21.62;0.02;0.00;0.00;0.00;0.0000000000;0.0000000000;0.0000000000;0;0;0;0.00;0;0;0*
11:58:26.890 -> $56300;-0.00;-0.01;1.02;-0.00;-0.01;1.01;2.74;13.17;-8.96;-2.87;-2.87;1.04;19.84;53.38;16.70;19.84;53.38;16.70;101533.32;21.62;0.01;0.00;0.00;0.00;0.0000000000;0.0000000000;0.0000000000;0;0;0;0.00;0;0;0*
11:58:26.983 -> $56400;-0.00;-0.01;1.01;-0.01;-0.01;1.02;1.59;-0.49;0.67;-5.79;-10.67;8.66;17.50;53.93;16.87;17.50;53.93;16.87;101530.62;21.62;0.02;0.00;0.00;0.00;0.0000000000;0.0000000000;0.0000000000;0;0;0;0.00;0;0;0*
11:58:27.076 -> $56500;-0.00;-0.01;1.01;-0.01;-0.01;1.02;0.79;-9.21;2.26;0.43;9.33;-5.61;19.66;55.01;16.87;18.76;54.11;16.70;101530.84;21.62;0.02;0.00;0.00;0.00;0.0000000000;0.0000000000;0.0000000000;0;0;0;0.00;0;0;0*
11:58:27.169 -> $56600;-0.01;-0.01;1.02;-0.00;-0.01;1.02;3.54;-2.50;10.79;2.74;-1.10;1.16;17.86;54.29;16.53;20.38;54.29;16.18;101535.82;21.62;-0.01;0.00;0.00;0.00;0.0000000000;0.0000000000;0.0000000000;0;0;0;0.00;0;0;0*
11:58:27.309 -> $56700;-0.00;-0.01;1.02;-0.01;-0.01;1.02;1.59;-0.06;-0.06;2.38;-7.20;-8.41;18.58;54.65;16.87;20.02;53.93;16.18;101531.73;21.62;0.02;0.00;0.00;0.00;0.0000000000;0.0000000000;0.0000000000;0;0;0;0.00;0;0;0*
11:58:27.401 -> $56800;-0.00;-0.01;1.02;-0.00;-0.01;1.01;1.22;-1.71;5.49;2.56;-3.29;10.12;18.58;53.56;15.83;18.58;53.56;15.83;101531.91;21.62;0.02;0.00;0.00;0.00;0.0000000000;0.0000000000;0.0000000000;0;0;0;0.00;0;0;0*
11:58:27.494 -> $56900;-0.00;-0.01;1.02;-0.00;-0.01;1.02;-0.18;1.16;-3.48;2.38;-2.68;-0.61;19.84;54.83;16.35;19.84;54.83;16.35;101531.62;21.61;0.02;0.00;0.00;0.00;0.0000000000;0.0000000000;0.0000000000;0;0;0;0.00;0;0;0*
11:58:27.588 -> $57000;0.00;-0.01;1.02;-0.00;-0.01;1.02;-0.98;-1.71;-1.16;3.72;-9.57;-4.51;17.86;53.56;15.48;17.86;53.56;15.48;101531.94;21.63;0.01;0.00;0.00;0.00;0.0000000000;0.0000000000;0.0000000000;0;0;0;0.00;0;0;0*
11:58:27.681 -> $57100;-0.00;-0.01;1.02;-0.00;-0.01;1.01;5.85;2.62;-5.91;5.24;5.06;-4.51;18.76;52.65;16.35;18.76;52.65;16.35;101532.97;21.62;0.01;0.00;0.00;0.00;0.0000000000;0.0000000000;0.0000000000;0;0;0;0.00;0;0;0*
11:58:27.775 -> $57200;-0.00;-0.01;1.01;-0.00;-0.01;1.01;-2.87;2.38;1.89;1.40;5.24;0.12;19.48;53.38;16.35;19.48;53.38;16.35;101532.68;21.63;0.01;0.00;0.00;0.00;0.0000000000;0.0000000000;0.0000000000;0;0;0;0.00;0;0;0*
11:58:27.868 -> $57300;-0.00;-0.01;1.02;-0.00;-0.01;1.02;-0.55;3.84;13.29;2.56;5.24;4.94;19.48;53.38;16.35;20.20;54.47;16.35;101529.24;21.62;0.03;0.00;0.00;0.00;0.0000000000;0.0000000000;0.0000000000;0;0;0;0.00;0;0;0*
11:58:28.008 -> $57400;0.00;-0.01;1.01;-0.01;-0.01;1.02;-1.16;-1.22;1.04;0.00;-1.65;9.94;18.94;53.93;14.44;18.40;54.83;14.96;101534.11;21.63;0.00;0.00;0.00;0.00;0.0000000000;0.0000000000;0.0000000000;0;0;0;0.00;0;0;0*
11:58:28.100 -> $57500;-0.00;-0.01;1.02;-0.00;-0.01;1.02;-0.73;0.37;12.07;-4.27;6.04;0.12;19.30;53.20;16.18;19.30;53.20;16.18;101534.07;21.63;0.00;0.00;0.00;0.00;0.0000000000;0.0000000000;0.0000000000;0;0;0;0.00;0;0;0*
11:58:28.194 -> $57600;-0.00;-0.01;1.02;-0.00;-0.01;1.02;-4.27;0.00;-0.43;3.35;7.26;0.67;18.40;52.29;15.66;18.40;52.29;15.66;101531.02;21.62;0.02;0.00;0.00;0.00;0.0000000000;0.0000000000;0.0000000000;0;0;0;0.00;0;0;0*
11:58:28.287 -> $57700;-0.00;-0.01;1.02;-0.01;-0.01;1.02;-0.37;-6.95;-8.41;-2.32;4.57;1.52;19.48;53.02;15.66;19.48;53.02;15.66;101534.61;21.63;-0.00;0.00;0.00;0.00;0.0000000000;0.0000000000;0.0000000000;0;0;0;0.00;0;0;0*
11:58:28.380 -> $57800;-0.00;-0.01;1.01;0.00;-0.01;1.02;-1.71;8.72;1.52;-1.71;1.16;3.17;19.48;54.11;16.70;19.48;54.11;16.70;101535.50;21.63;-0.01;0.00;0.00;0.00;0.0000000000;0.0000000000;0.0000000000;0;0;0;0.00;0;0;0*
11:58:28.474 -> $57900;-0.00;-0.01;1.01;-0.00;-0.01;1.02;1.22;2.01;1.89;-3.11;-0.24;1.16;18.22;53.56;16.53;18.22;53.56;16.53;101532.26;21.62;0.01;0.00;0.00;0.00;0.0000000000;0.0000000000;0.0000000000;0;0;0;0.00;0;0;0*
11:58:28.567 -> $58000;-0.00;-0.01;1.01;-0.00;-0.01;1.02;-0.18;0.12;3.35;0.24;6.04;9.57;19.12;52.65;16.00;19.84;54.47;16.35;101529.41;21.62;0.03;0.00;0.00;0.00;0.0000000000;0.0000000000;0.0000000000;0;0;0;0.00;0;0;0*
11:58:28.707 -> $58100;-0.01;-0.01;1.02;-0.01;-0.01;1.02;1.95;-8.66;5.12;-0.37;-3.11;10.61;18.58;53.20;15.13;20.57;54.83;16.70;101527.71;21.63;0.04;0.00;0.00;0.00;0.0000000000;0.0000000000;0.0000000000;0;0;0;0.00;0;0;0*
11:58:28.801 -> $58200;-0.00;-0.01;1.02;-0.00;-0.01;1.01;1.22;-1.71;12.62;0.24;3.60;1.71;20.38;53.93;16.53;20.38;53.93;16.53;101529.96;21.62;0.03;0.00;0.00;0.00;0.0000000000;0.0000000000;0.0000000000;0;0;0;0.00;0;0;0*
11:58:28.894 -> $58300;-0.00;-0.01;1.01;-0.01;-0.01;1.01;-2.32;-8.41;-2.74;2.13;-3.11;-5.61;18.94;54.29;16.87;18.94;54.29;16.87;101535.14;21.63;-0.01;0.00;0.00;0.00;0.0000000000;0.0000000000;0.0000000000;0;0;0;0.00;0;0;0*
11:58:28.988 -> $58400;-0.01;-0.01;1.01;-0.00;-0.01;1.01;-2.32;6.04;-3.11;1.95;-1.71;1.34;20.20;53.38;16.35;20.20;53.38;16.35;101531.19;21.62;0.02;0.00;0.00;0.00;0.0000000000;0.0000000000;0.0000000000;0;0;0;0.00;0;0;0*
11:58:29.081 -> $58500;-0.00;-0.02;1.02;-0.00;-0.01;1.02;1.40;4.45;3.17;3.54;5.06;-3.11;18.58;53.93;14.09;18.58;53.93;14.09;101532.33;21.63;0.01;0.00;0.00;0.00;0.0000000000;0.0000000000;0.0000000000;0;0;0;0.00;0;0;0*
11:58:29.172 -> $58600;-0.01;-0.01;1.02;-0.01;-0.01;1.01;0.24;6.04;-6.83;-2.50;8.72;11.34;17.14;53.93;15.48;17.14;53.93;15.48;101534.75;21.62;-0.00;0.00;0.00;0.00;0.0000000000;0.0000000000;0.0000000000;0;0;0;0.00;0;0;0*
11:58:29.266 -> $58700;-0.00;-0.01;1.01;-0.00;-0.01;1.02;-1.34;7.50;-4.88;2.13;10.37;-2.56;19.12;54.11;16.70;18.40;52.65;17.05;101531.94;21.63;0.01;0.00;0.00;0.00;0.0000000000;0.0000000000;0.0000000000;0;0;0;0.00;0;0;0*
11:58:29.407 -> $58800;-0.00;-0.01;1.01;-0.00;-0.01;1.01;-0.98;-2.07;-6.28;0.61;2.99;7.99;20.02;54.29;16.87;20.02;53.20;16.18;101531.91;21.62;0.02;0.00;0.00;0.00;0.0000000000;0.0000000000;0.0000000000;0;0;0;0.00;0;0;0*
11:58:29.501 -> $58900;-0.00;-0.01;1.02;-0.00;-0.01;1.01;-3.29;0.98;-2.38;0.00;-0.06;11.34;19.66;53.93;16.53;19.66;53.93;16.53;101534.32;21.62;0.00;0.00;0.00;0.00;0.0000000000;0.0000000000;0.0000000000;0;0;0;0.00;0;0;0*
11:58:29.595 -> $59000;-0.00;-0.02;1.01;-0.00;-0.01;1.01;0.00;-3.90;-4.70;-5.00;5.06;1.34;19.48;54.47;16.00;19.48;54.47;16.00;101533.32;21.62;0.01;0.00;0.00;0.00;0.0000000000;0.0000000000;0.0000000000;0;0;0;0.00;0;0;0*
11:58:29.689 -> $59100;-0.00;-0.01;1.02;-0.00;-0.01;1.01;0.43;-2.93;-11.10;1.59;-6.34;1.89;18.40;54.11;16.35;18.40;54.11;16.35;101533.50;21.62;0.01;0.00;0.00;0.00;0.0000000000;0.0000000000;0.0000000000;0;0;0;0.00;0;0;0*
11:58:29.782 -> $59200;-0.00;-0.01;1.02;0.00;-0.01;1.02;-2.13;-4.94;-2.74;1.22;7.50;3.48;19.66;55.38;16.53;19.66;55.38;16.53;101530.13;21.62;0.03;0.00;0.00;0.00;0.0000000000;0.0000000000;0.0000000000;0;0;0;0.00;0;0;0*
11:58:29.874 -> $59300;-0.01;-0.01;1.02;-0.00;-0.01;1.02;-0.55;2.38;-5.43;0.24;1.16;10.61;18.58;54.65;16.18;18.58;54.65;16.18;101529.60;21.62;0.03;0.00;0.00;0.00;0.0000000000;0.0000000000;0.0000000000;0;0;0;0.00;0;0;0*
11:58:29.967 -> $59400;-0.00;-0.01;1.02;-0.01;-0.01;1.02;4.33;1.83;-1.65;0.00;5.85;-4.51;18.58;52.84;15.83;18.94;53.20;16.53;101532.72;21.63;0.01;0.00;0.00;0.00;0.0000000000;0.0000000000;0.0000000000;0;0;0;0.00;0;0;0*
11:58:30.107 -> $59500;-0.01;-0.01;1.02;-0.00;-0.01;1.02;1.95;5.67;1.71;-0.73;-8.60;8.48;20.38;54.29;16.18;19.66;53.56;16.18;101529.99;21.63;0.03;0.00;0.00;0.00;0.0000000000;0.0000000000;0.0000000000;0;0;0;0.00;0;0;0*
11:58:30.200 -> $59600;-0.01;-0.01;1.01;-0.00;-0.01;1.02;-1.52;-1.10;-2.01;1.40;13.17;-7.93;19.84;54.11;16.70;19.84;54.11;16.00;101532.72;21.63;0.01;0.00;0.00;0.00;0.0000000000;0.0000000000;0.0000000000;0;0;0;0.00;0;0;0*
11:58:30.294 -> $59700;-0.00;-0.01;1.02;-0.00;-0.01;1.01;0.00;10.91;2.26;-0.37;-3.48;-1.16;20.57;53.38;16.00;20.57;53.38;16.00;101534.28;21.63;0.00;0.00;0.00;0.00;0.0000000000;0.0000000000;0.0000000000;0;0;0;0.00;0;0;0*
11:58:30.386 -> $59800;-0.00;-0.01;1.01;-0.00;-0.01;1.01;1.40;-5.12;8.48;-0.18;6.83;3.66;18.76;54.47;15.66;18.76;54.47;15.66;101530.02;21.63;0.03;0.00;0.00;0.00;0.0000000000;0.0000000000;0.0000000000;0;0;0;0.00;0;0;0*
11:58:30.480 -> $59900;-0.00;-0.01;1.02;-0.00;-0.01;1.02;1.59;14.45;1.89;2.93;-0.61;-8.29;18.58;54.65;16.18;18.58;54.65;16.18;101528.66;21.62;0.04;0.00;0.00;0.00;0.0000000000;0.0000000000;0.0000000000;0;0;0;0.00;0;0;0*
11:58:30.573 -> $60000;0.00;-0.01;1.01;-0.01;-0.01;1.01;5.85;6.65;-3.78;0.79;5.85;-1.65;20.57;52.29;14.96;20.57;52.29;14.96;101533.89;21.63;0.00;0.00;0.00;0.00;0.0000000000;0.0000000000;0.0000000000;0;0;0;0.00;0;0;0*
11:58:30.666 -> $60100;-0.00;-0.01;1.02;0.00;-0.01;1.01;1.40;-1.10;-6.83;-0.55;-1.65;-2.74;18.76;54.83;17.05;18.76;54.83;17.05;101528.03;21.63;0.04;0.00;0.00;0.00;0.0000000000;0.0000000000;0.0000000000;0;0;0;0.00;0;0;0*
11:58:30.807 -> $60200;-0.00;-0.01;1.02;-0.00;-0.01;1.01;0.61;5.43;-1.46;0.98;1.40;-2.74;18.76;54.47;17.05;18.22;53.56;16.53;101530.48;21.62;0.02;0.00;0.00;0.00;0.0000000000;0.0000000000;0.0000000000;0;0;0;0.00;0;0;0*
11:58:30.901 -> $60300;0.00;-0.01;1.01;-0.00;-0.01;1.01;4.70;1.34;-12.01;4.88;-3.11;3.48;19.66;53.93;16.87;19.12;53.38;18.09;101530.23;21.63;0.03;0.00;0.00;0.00;0.0000000000;0.0000000000;0.0000000000;0;0;0;0.00;0;0;0*
11:58:30.994 -> $60400;0.00;-0.02;1.01;-0.00;-0.01;1.01;-4.63;-10.67;12.26;-2.50;-3.29;-1.16;19.48;56.29;16.70;19.48;56.29;16.70;101530.34;21.63;0.02;0.00;0.00;0.00;0.0000000000;0.0000000000;0.0000000000;0;0;0;0.00;0;0;0*
11:58:31.087 -> $60500;-0.00;-0.01;1.01;-0.00;-0.01;1.01;6.22;6.65;2.26;4.70;5.67;-4.70;19.66;53.56;15.48;19.66;53.56;15.48;101533.36;21.63;0.01;0.00;0.00;0.00;0.0000000000;0.0000000000;0.0000000000;0;0;0;0.00;0;0;0*
11:58:31.180 -> $60600;-0.00;-0.01;1.03;-0.00;-0.01;1.01;-1.16;0.37;-4.88;-1.16;-2.50;4.94;18.58;54.65;15.48;18.58;54.65;15.48;101533.00;21.63;0.01;0.00;0.00;0.00;0.0000000000;0.0000000000;0.0000000000;0;0;0;0.00;0;0;0*
11:58:31.274 -> $60700;-0.00;-0.01;1.02;-0.00;-0.01;1.02;0.98;-5.12;1.52;-2.87;-3.72;-5.79;18.94;53.20;16.18;18.94;53.20;16.18;101530.91;21.63;0.02;0.00;0.00;0.00;0.0000000000;0.0000000000;0.0000000000;0;0;0;0.00;0;0;0*
11:58:31.367 -> $60800;0.00;-0.01;1.02;-0.00;-0.01;1.02;-1.71;5.24;-3.48;-1.34;6.28;-5.91;18.22;54.65;14.44;18.22;54.65;14.44;101530.13;21.62;0.03;0.00;0.00;0.00;0.0000000000;0.0000000000;0.0000000000;0;0;0;0.00;0;0;0*
11:58:31.507 -> $60900;-0.00;-0.01;1.01;-0.01;-0.01;1.02;0.98;2.20;1.34;0.24;-5.73;7.80;18.58;55.01;17.57;19.30;54.29;16.18;101527.82;21.62;0.04;0.00;0.00;0.00;0.0000000000;0.0000000000;0.0000000000;0;0;0;0.00;0;0;0*
11:58:31.600 -> $61000;-0.00;-0.01;1.02;-0.00;-0.01;1.01;1.95;5.24;-3.29;3.11;2.20;1.89;18.94;54.29;15.48;20.38;53.56;15.13;101530.48;21.62;0.02;0.00;0.00;0.00;0.0000000000;0.0000000000;0.0000000000;0;0;0;0.00;0;0;0*
11:58:31.694 -> $61100;-0.01;-0.01;1.02;-0.00;-0.02;1.02;-3.48;5.43;7.99;-1.16;12.38;-1.28;18.40;53.02;15.31;18.40;53.02;15.31;101527.67;21.63;0.04;0.00;0.00;0.00;0.0000000000;0.0000000000;0.0000000000;0;0;0;0.00;0;0;0*
11:58:31.787 -> $61200;-0.00;-0.02;1.01;-0.00;-0.01;1.01;0.79;-6.16;10.30;0.61;0.37;1.04;18.58;53.20;16.18;18.58;53.20;16.18;101531.94;21.63;0.01;0.00;0.00;0.00;0.0000000000;0.0000000000;0.0000000000;0;0;0;0.00;0;0;0*
11:58:31.882 -> $61300;-0.00;-0.01;1.01;-0.00;-0.01;1.02;0.43;2.99;3.84;-0.73;9.57;1.34;18.94;53.93;16.18;18.94;53.93;16.18;101536.03;21.63;-0.01;0.00;0.00;0.00;0.0000000000;0.0000000000;0.0000000000;0;0;0;0.00;0;0;0*
11:58:31.976 -> $61400;-0.00;-0.01;1.01;-0.00;-0.01;1.02;2.38;4.82;-8.96;1.22;12.99;3.17;17.68;54.11;16.70;17.68;54.11;16.70;101532.00;21.63;0.01;0.00;0.00;0.00;0.0000000000;0.0000000000;0.0000000000;0;0;0;0.00;0;0;0*
11:58:32.068 -> $61500;-0.01;-0.01;1.02;-0.00;-0.01;1.01;1.95;-10.24;10.30;-1.16;-2.68;2.80;18.94;52.84;16.53;18.94;52.84;16.53;101526.92;21.62;0.05;0.00;0.00;0.00;0.0000000000;0.0000000000;0.0000000000;0;0;0;0.00;0;0;0*
11:58:32.208 -> $61600;-0.00;-0.01;1.01;0.00;-0.01;1.02;-4.45;-0.85;-3.29;5.67;-7.80;4.02;19.84;55.20;15.66;19.84;55.20;15.66;101532.86;21.63;0.01;0.00;0.00;0.00;0.0000000000;0.0000000000;0.0000000000;0;0;0;0.00;0;0;0*
11:58:32.302 -> $61700;-0.00;-0.01;1.01;0.00;-0.01;1.02;0.43;-6.77;-0.24;-0.37;-1.52;2.62;20.38;55.01;16.18;18.58;55.38;15.83;101533.14;21.62;0.01;0.00;0.00;0.00;0.0000000000;0.0000000000;0.0000000000;0;0;0;0.00;0;0;0*
11:58:32.395 -> $61800;-0.00;-0.01;1.01;-0.00;-0.01;1.01;1.59;1.16;-8.29;0.79;4.21;2.44;19.84;54.47;16.00;18.94;53.93;16.18;101532.36;21.63;0.01;0.00;0.00;0.00;0.0000000000;0.0000000000;0.0000000000;0;0;0;0.00;0;0;0*
11:58:32.489 -> $61900;0.00;-0.02;1.02;-0.00;-0.01;1.02;3.54;-2.26;-4.51;-0.37;-5.73;-9.33;19.30;52.84;15.83;19.30;52.84;15.83;101529.07;21.62;0.03;0.00;0.00;0.00;0.0000000000;0.0000000000;0.0000000000;0;0;0;0.00;0;0;0*
11:58:32.583 -> $62000;-0.00;-0.01;1.01;-0.00;-0.01;1.02;-2.87;-1.28;1.16;-3.29;-0.24;-2.93;19.84;54.47;16.35;19.84;54.47;16.35;101532.36;21.63;0.01;0.00;0.00;0.00;0.0000000000;0.0000000000;0.0000000000;0;0;0;0.00;0;0;0*
11:58:32.676 -> $62100;-0.00;-0.01;1.02;-0.00;-0.01;1.01;0.43;4.21;-10.73;1.95;2.80;0.12;19.12;54.11;15.31;19.12;54.11;15.31;101530.70;21.63;0.02;0.00;0.00;0.00;0.0000000000;0.0000000000;0.0000000000;0;0;0;0.00;0;0;0*
11:58:32.769 -> $62200;-0.00;-0.01;1.02;-0.01;-0.01;1.01;0.43;4.63;0.67;2.38;-11.65;-6.10;18.94;54.29;15.83;18.94;54.29;15.83;101534.35;21.63;-0.00;0.00;0.00;0.00;0.0000000000;0.0000000000;0.0000000000;0;0;0;0.00;0;0;0*
11:58:32.862 -> $62300;-0.00;-0.01;1.02;-0.00;-0.02;1.01;2.38;2.01;12.80;-3.48;8.11;-4.88;19.30;53.56;15.83;19.30;53.56;15.83;101528.27;21.63;0.04;0.00;0.00;0.00;0.0000000000;0.0000000000;0.0000000000;0;0;0;0.00;0;0;0*
11:58:33.003 -> $62400;-0.00;-0.01;1.02;-0.00;-0.01;1.02;2.56;5.85;-2.74;-2.13;3.60;-0.06;18.94;55.01;15.13;19.12;54.47;16.70;101534.32;21.63;0.00;0.00;0.00;0.00;0.0000000000;0.0000000000;0.0000000000;0;0;0;0.00;0;0;0*
11:58:33.096 -> $62500;-0.01;-0.01;1.02;-0.00;-0.01;1.01;5.49;3.60;-1.65;3.72;-1.10;0.12;18.58;53.56;16.53;18.40;54.47;16.00;101531.68;21.63;0.02;0.00;0.00;0.00;0.0000000000;0.0000000000;0.0000000000;0;0;0;0.00;0;0;0*
11:58:33.190 -> $62600;-0.01;-0.01;1.01;-0.00;-0.01;1.02;1.77;-5.55;11.89;-2.32;-6.77;-1.83;18.58;54.29;17.22;18.58;54.29;17.22;101529.46;21.63;0.03;0.00;0.00;0.00;0.0000000000;0.0000000000;0.0000000000;0;0;0;0.00;0;0;0*
11:58:33.283 -> $62700;-0.00;-0.01;1.01;-0.00;-0.01;1.02;0.24;6.28;3.35;0.79;-0.85;-5.91;20.38;55.38;16.87;20.38;55.38;16.87;101532.58;21.63;0.01;0.00;0.00;0.00;0.0000000000;0.0000000000;0.0000000000;0;0;0;0.00;0;0;0*
11:58:33.376 -> $62800;-0.00;-0.01;1.02;-0.00;-0.02;1.01;0.61;0.55;-8.11;1.59;-9.63;6.52;18.94;53.56;16.18;18.94;53.56;16.18;101532.58;21.63;0.01;0.00;0.00;0.00;0.0000000000;0.0000000000;0.0000000000;0;0;0;0.00;0;0;0*
11:58:33.468 -> $62900;-0.00;-0.01;1.01;0.00;-0.02;1.01;2.93;-1.10;-2.01;-2.32;6.65;-10.43;19.66;54.65;16.87;19.66;54.65;16.87;101534.89;21.64;-0.00;0.00;0.00;0.00;0.0000000000;0.0000000000;0.0000000000;0;0;0;0.00;0;0;0*
11:58:33.562 -> $63000;-0.00;-0.01;1.02;-0.00;-0.01;1.01;0.43;-3.72;5.30;2.38;0.98;-1.28;18.58;53.20;15.13;18.58;53.20;15.13;101531.05;21.63;0.02;0.00;0.00;0.00;0.0000000000;0.0000000000;0.0000000000;0;0;0;0.00;0;0;0*
11:58:33.708 -> $63100;-0.00;-0.01;1.02;-0.01;-0.01;1.02;-2.68;2.62;-0.61;-1.71;3.84;-1.28;19.66;53.93;15.13;19.66;53.93;15.13;101534.89;21.64;-0.00;0.00;0.00;0.00;0.0000000000;0.0000000000;0.0000000000;0;0;0;0.00;0;0;0*
11:58:33.786 -> $63200;-0.00;-0.01;1.01;-0.00;-0.02;1.02;3.54;-6.16;12.62;0.61;-2.07;-2.74;18.58;55.01;15.83;18.22;54.29;17.57;101531.83;21.63;0.02;0.00;0.00;0.00;0.0000000000;0.0000000000;0.0000000000;0;0;0;0.00;0;0;0*
11:58:33.883 -> $63300;-0.00;-0.01;1.01;-0.01;-0.01;1.01;1.40;7.68;1.34;1.22;-5.61;-0.98;19.66;55.01;16.53;18.40;55.56;16.70;101533.28;21.63;0.01;0.00;0.00;0.00;0.0000000000;0.0000000000;0.0000000000;0;0;0;0.00;0;0;0*
11:58:33.976 -> $63400;-0.00;-0.01;1.01;-0.00;-0.01;1.01;0.24;1.59;-6.10;1.22;6.04;2.26;19.84;53.74;15.66;19.84;53.74;15.66;101533.64;21.63;0.00;0.00;0.00;0.00;0.0000000000;0.0000000000;0.0000000000;0;0;0;0.00;0;0;0*
11:58:34.069 -> $63500;-0.01;-0.01;1.01;-0.00;-0.01;1.01;-0.37;0.55;5.98;-3.11;4.45;-1.28;19.48;54.47;15.66;19.48;54.47;15.66;101531.12;21.63;0.02;0.00;0.00;0.00;0.0000000000;0.0000000000;0.0000000000;0;0;0;0.00;0;0;0*
11:58:34.162 -> $63600;-0.00;-0.01;1.01;-0.00;-0.01;1.02;-4.82;13.17;4.21;0.24;6.04;10.12;19.12;54.11;15.31;19.12;54.11;15.31;101534.00;21.64;0.00;0.00;0.00;0.00;0.0000000000;0.0000000000;0.0000000000;0;0;0;0.00;0;0;0*
11:58:34.300 -> $63700;-0.00;-0.01;1.01;-0.01;-0.01;1.02;0.98;-3.54;-3.96;-4.63;4.82;-1.46;18.58;53.56;16.18;18.58;53.56;16.18;101534.72;21.64;-0.00;0.00;0.00;0.00;0.0000000000;0.0000000000;0.0000000000;0;0;0;0.00;0;0;0*
11:58:34.393 -> $63800;-0.01;-0.02;1.02;-0.00;-0.01;1.02;-1.16;-1.83;-2.20;-0.73;-0.24;7.80;19.66;54.65;15.83;19.66;54.65;15.83;101536.71;21.64;-0.01;0.00;0.00;0.00;0.0000000000;0.0000000000;0.0000000000;0;0;0;0.00;0;0;0*
11:58:34.487 -> $63900;-0.00;-0.01;1.02;-0.00;-0.02;1.02;-0.37;-5.37;5.49;-1.16;5.43;6.16;20.93;54.11;17.05;18.76;54.47;16.35;101530.98;21.64;0.02;0.00;0.00;0.00;0.0000000000;0.0000000000;0.0000000000;0;0;0;0.00;0;0;0*
11:58:34.579 -> $64000;-0.00;-0.01;1.01;-0.00;-0.01;1.02;-1.34;-6.77;5.12;1.22;6.10;1.89;19.48;53.74;15.66;18.22;54.65;15.83;101533.86;21.64;0.00;0.00;0.00;0.00;0.0000000000;0.0000000000;0.0000000000;0;0;0;0.00;0;0;0*
11:58:34.673 -> $64100;-0.00;-0.01;1.02;-0.00;-0.01;1.01;3.35;-1.10;2.62;-0.73;-4.76;3.84;20.93;53.38;15.31;20.93;53.38;15.31;101532.92;21.63;0.01;0.00;0.00;0.00;0.0000000000;0.0000000000;0.0000000000;0;0;0;0.00;0;0;0*
11:58:34.764 -> $64200;-0.00;-0.01;1.01;-0.01;-0.01;1.02;-4.82;5.67;-0.24;2.93;8.29;-3.96;17.68;54.11;16.00;17.68;54.11;16.00;101529.91;21.64;0.03;0.00;0.00;0.00;0.0000000000;0.0000000000;0.0000000000;0;0;0;0.00;0;0;0*
11:58:34.904 -> $64300;-0.00;-0.01;1.02;-0.00;-0.01;1.02;0.79;6.28;1.16;-0.18;-10.00;7.99;19.30;54.65;16.53;19.30;54.65;16.53;101530.62;21.63;0.02;0.00;0.00;0.00;0.0000000000;0.0000000000;0.0000000000;0;0;0;0.00;0;0;0*
11:58:34.997 -> $64400;-0.00;-0.01;1.02;-0.00;-0.01;1.01;1.22;12.99;5.49;0.79;10.12;-3.60;18.76;54.11;16.00;18.76;54.11;16.00;101531.86;21.63;0.02;0.00;0.00;0.00;0.0000000000;0.0000000000;0.0000000000;0;0;0;0.00;0;0;0*
11:58:35.090 -> $64500;-0.00;-0.02;1.02;-0.01;-0.01;1.01;4.88;-2.87;1.04;-0.98;0.12;-5.79;18.76;55.20;17.05;18.76;55.20;17.05;101533.28;21.63;0.01;0.00;0.00;0.00;0.0000000000;0.0000000000;0.0000000000;0;0;0;0.00;0;0;0*
11:58:35.184 -> $64600;-0.00;-0.01;1.02;-0.00;-0.01;1.02;-1.16;-9.82;16.71;3.54;8.48;-0.79;18.58;52.84;15.83;19.66;53.93;16.18;101532.22;21.64;0.01;0.00;0.00;0.00;0.0000000000;0.0000000000;0.0000000000;0;0;0;0.00;0;0;0*
11:58:35.279 -> $64700;-0.01;-0.02;1.02;-0.01;-0.02;1.02;1.77;5.24;5.12;4.70;-1.10;3.48;19.48;53.74;14.61;18.94;55.38;15.48;101532.22;21.64;0.01;0.00;0.00;0.00;0.0000000000;0.0000000000;0.0000000000;0;0;0;0.00;0;0;0*
11:58:35.370 -> $64800;-0.00;-0.01;1.02;-0.01;-0.01;1.02;0.79;3.23;-1.16;-3.11;1.40;4.76;18.58;53.93;15.83;18.94;54.65;16.53;101535.25;21.63;-0.01;0.00;0.00;0.00;0.0000000000;0.0000000000;0.0000000000;0;0;0;0.00;0;0;0*
11:58:35.463 -> $64900;-0.00;-0.01;1.01;-0.00;-0.01;1.01;2.13;11.16;-11.83;-0.37;7.87;-2.38;19.30;55.01;16.18;19.30;55.01;16.18;101536.77;21.63;-0.02;0.00;0.00;0.00;0.0000000000;0.0000000000;0.0000000000;0;0;0;0.00;0;0;0*
11:58:35.603 -> $65000;-0.01;-0.01;1.02;-0.00;-0.01;1.01;0.79;7.07;-5.24;2.74;0.00;-8.41;19.66;53.56;15.83;19.66;53.56;15.83;101534.07;21.63;0.00;0.00;0.00;0.00;0.0000000000;0.0000000000;0.0000000000;0;0;0;0.00;0;0;0*
11:58:35.696 -> $65100;-0.00;-0.01;1.01;-0.00;-0.01;1.01;2.74;2.44;-0.61;-0.37;2.38;1.04;19.30;54.65;15.13;19.30;54.65;15.13;101537.02;21.63;-0.02;0.00;0.00;0.00;0.0000000000;0.0000000000;0.0000000000;0;0;0;0.00;0;0;0*
11:58:35.790 -> $65200;-0.01;-0.01;1.02;-0.00;-0.01;1.01;1.77;10.12;-7.01;-1.89;9.70;-7.38;19.12;55.20;16.35;19.12;55.20;16.35;101530.20;21.63;0.03;0.00;0.00;0.00;0.0000000000;0.0000000000;0.0000000000;0;0;0;0.00;0;0;0*
11:58:35.886 -> $65300;-0.00;-0.01;1.01;-0.00;-0.01;1.01;1.22;-0.49;-8.41;2.56;0.73;4.39;20.20;53.74;16.00;19.66;53.56;17.57;101531.50;21.63;0.02;0.00;0.00;0.00;0.0000000000;0.0000000000;0.0000000000;0;0;0;0.00;0;0;0*
11:58:35.976 -> $65400;-0.00;-0.01;1.01;-0.00;-0.01;1.01;-2.13;5.85;-3.78;2.38;2.80;3.35;19.84;53.38;16.70;18.22;55.38;15.83;101530.91;21.63;0.02;0.00;0.00;0.00;0.0000000000;0.0000000000;0.0000000000;0;0;0;0.00;0;0;0*
11:58:36.069 -> $65500;-0.00;-0.01;1.02;-0.00;-0.01;1.02;-1.71;-2.68;5.79;0.79;-0.49;-0.24;18.22;54.65;16.18;19.84;53.38;16.70;101534.53;21.63;-0.00;0.00;0.00;0.00;0.0000000000;0.0000000000;0.0000000000;0;0;0;0.00;0;0;0*
11:58:36.163 -> $65600;-0.00;-0.02;1.02;-0.01;-0.02;1.01;2.38;4.88;-3.11;0.00;-1.10;1.34;18.76;54.47;17.05;18.76;54.47;17.05;101536.13;21.63;-0.01;0.00;0.00;0.00;0.0000000000;0.0000000000;0.0000000000;0;0;0;0.00;0;0;0*
11:58:36.306 -> $65700;-0.00;-0.01;1.02;-0.00;-0.01;1.02;2.93;12.80;-2.01;2.56;9.51;1.52;18.94;53.93;14.79;18.94;53.93;14.79;101536.50;21.64;-0.01;0.00;0.00;0.00;0.0000000000;0.0000000000;0.0000000000;0;0;0;0.00;0;0;0*
11:58:36.398 -> $65800;-0.00;-0.01;1.02;0.00;-0.01;1.02;-1.16;-8.78;11.34;-2.87;3.23;-3.96;18.94;55.01;16.53;18.94;55.01;16.53;101534.89;21.63;-0.00;0.00;0.00;0.00;0.0000000000;0.0000000000;0.0000000000;0;0;0;0.00;0;0;0*
11:58:36.494 -> $65900;-0.01;-0.01;1.02;-0.00;-0.01;1.01;-0.98;8.35;0.67;0.61;-0.85;-4.88;18.76;53.74;14.26;18.76;53.74;14.26;101537.34;21.63;-0.02;0.00;0.00;0.00;0.0000000000;0.0000000000;0.0000000000;0;0;0;0.00;0;0;0*
11:58:36.585 -> $66000;0.00;-0.01;1.00;-0.00;-0.01;1.02;0.24;6.46;9.94;0.43;3.23;-5.24;19.48;53.38;15.66;19.48;53.38;15.66;101536.84;21.63;-0.02;0.00;0.00;0.00;0.0000000000;0.0000000000;0.0000000000;0;0;0;0.00;0;0;0*
11:58:36.678 -> $66100;-0.01;-0.01;1.01;-0.01;-0.01;1.02;0.98;9.33;3.84;0.43;-0.91;-1.46;19.12;54.11;14.96;18.40;54.11;14.96;101536.85;21.64;-0.02;0.00;0.00;0.00;0.0000000000;0.0000000000;0.0000000000;0;0;0;0.00;0;0;0*
11:58:36.771 -> $66200;-0.00;-0.01;1.01;-0.01;-0.01;1.01;0.79;-10.43;-0.43;-0.55;3.66;0.85;18.94;55.38;15.48;19.30;55.74;15.48;101536.67;21.64;-0.01;0.00;0.00;0.00;0.0000000000;0.0000000000;0.0000000000;0;0;0;0.00;0;0;0*
11:58:36.865 -> $66300;-0.00;-0.01;1.01;0.00;-0.02;1.02;2.74;3.60;5.67;-1.34;7.74;-3.96;20.02;52.47;16.53;20.02;52.47;16.53;101533.28;21.63;0.01;0.00;0.00;0.00;0.0000000000;0.0000000000;0.0000000000;0;0;0;0.00;0;0;0*
11:58:36.959 -> $66400;-0.00;-0.02;1.01;-0.00;-0.01;1.02;1.22;-10.85;-3.78;2.93;-6.59;6.16;19.66;53.20;16.53;19.66;53.20;16.53;101533.47;21.64;0.01;0.00;0.00;0.00;0.0000000000;0.0000000000;0.0000000000;0;0;0;0.00;0;0;0*
11:58:37.101 -> $66500;-0.01;-0.01;1.01;-0.00;-0.01;1.02;1.59;2.62;-1.28;0.43;8.29;10.43;20.38;53.20;17.22;20.38;53.20;17.22;101532.75;21.63;0.01;0.00;0.00;0.00;0.0000000000;0.0000000000;0.0000000000;0;0;0;0.00;0;0;0*
11:58:37.192 -> $66600;-0.00;-0.01;1.02;-0.00;-0.01;1.02;0.98;13.41;-3.29;2.56;16.28;-2.20;18.76;53.74;15.66;18.76;53.74;15.66;101531.68;21.63;0.02;0.00;0.00;0.00;0.0000000000;0.0000000000;0.0000000000;0;0;0;0.00;0;0;0*
11:58:37.287 -> $66700;-0.00;-0.01;1.02;-0.00;-0.01;1.02;1.22;7.32;-4.33;-0.37;8.05;-0.98;19.66;54.65;15.13;19.66;54.65;15.13;101533.25;21.63;0.01;0.00;0.00;0.00;0.0000000000;0.0000000000;0.0000000000;0;0;0;0.00;0;0;0*
11:58:37.380 -> $66800;-0.00;-0.01;1.02;-0.00;-0.01;1.02;2.13;11.34;2.44;-1.52;1.77;5.12;18.58;53.56;15.48;19.66;53.20;17.22;101536.14;21.64;-0.01;0.00;0.00;0.00;0.0000000000;0.0000000000;0.0000000000;0;0;0;0.00;0;0;0*
11:58:37.474 -> $66900;-0.00;-0.01;1.02;-0.00;-0.01;1.02;2.93;7.07;-0.43;-0.55;9.51;7.44;18.94;54.29;14.79;19.30;54.65;15.83;101534.03;21.62;0.00;0.00;0.00;0.00;0.0000000000;0.0000000000;0.0000000000;0;0;0;0.00;0;0;0*
11:58:37.567 -> $67000;-0.00;-0.01;1.01;-0.00;-0.01;1.01;-0.37;1.59;-4.88;1.40;3.41;3.35;20.57;54.83;16.35;20.57;54.83;16.35;101534.50;21.63;-0.00;0.00;0.00;0.00;0.0000000000;0.0000000000;0.0000000000;0;0;0;0.00;0;0;0*
11:58:37.660 -> $67100;-0.00;-0.01;1.01;-0.01;-0.01;1.02;1.40;10.55;5.67;-0.73;-7.56;-4.70;18.76;54.11;14.96;18.76;54.11;14.96;101533.39;21.63;0.01;0.00;0.00;0.00;0.0000000000;0.0000000000;0.0000000000;0;0;0;0.00;0;0;0*
11:58:37.799 -> $67200;0.00;-0.01;1.01;-0.00;-0.01;1.01;1.95;0.37;7.62;0.00;-3.90;-2.01;18.40;54.11;14.61;18.40;54.11;14.61;101532.15;21.63;0.01;0.00;0.00;0.00;0.0000000000;0.0000000000;0.0000000000;0;0;0;0.00;0;0;0*
11:58:37.893 -> $67300;0.00;-0.01;1.01;0.00;-0.02;1.01;-2.87;2.38;-0.43;2.38;5.24;9.02;20.93;54.11;17.40;20.93;54.11;17.40;101534.17;21.63;0.00;0.00;0.00;0.00;0.0000000000;0.0000000000;0.0000000000;0;0;0;0.00;0;0;0*
11:58:37.988 -> $67400;-0.00;-0.01;1.02;-0.01;-0.01;1.02;-2.13;-2.32;-1.16;1.59;-1.04;-8.60;18.40;53.74;15.31;18.40;53.74;15.31;101531.86;21.63;0.02;0.00;0.00;0.00;0.0000000000;0.0000000000;0.0000000000;0;0;0;0.00;0;0;0*
11:58:38.083 -> $67500;-0.00;-0.01;1.01;-0.00;-0.01;1.01;1.22;-4.15;-0.98;-2.50;7.68;-5.91;18.76;54.47;15.66;19.30;53.93;16.18;101529.91;21.64;0.03;0.00;0.00;0.00;0.0000000000;0.0000000000;0.0000000000;0;0;0;0.00;0;0;0*
11:58:38.181 -> $67600;-0.00;-0.01;1.01;-0.00;-0.01;1.02;3.54;-0.24;6.16;-0.55;1.16;4.94;20.57;54.11;14.61;19.12;54.47;16.35;101530.98;21.64;0.02;0.00;0.00;0.00;0.0000000000;0.0000000000;0.0000000000;0;0;0;0.00;0;0;0*
11:58:38.267 -> $67700;-0.00;-0.01;1.02;0.00;-0.01;1.01;-0.18;8.11;-0.98;1.40;6.40;1.16;19.12;54.11;15.31;18.76;55.20;15.66;101529.91;21.64;0.03;0.00;0.00;0.00;0.0000000000;0.0000000000;0.0000000000;0;0;0;0.00;0;0;0*
11:58:38.362 -> $67800;-0.00;-0.02;1.02;-0.01;-0.01;1.02;-1.52;1.77;2.62;-4.45;-2.32;0.67;19.66;55.38;16.18;19.66;55.38;16.18;101531.86;21.63;0.02;0.00;0.00;0.00;0.0000000000;0.0000000000;0.0000000000;0;0;0;0.00;0;0;0*
11:58:38.505 -> $67900;-0.00;-0.01;1.02;-0.01;-0.01;1.01;-1.34;4.82;-2.93;-0.73;16.89;-8.96;19.30;54.29;14.44;19.30;54.29;14.44;101531.30;21.63;0.02;0.00;0.00;0.00;0.0000000000;0.0000000000;0.0000000000;0;0;0;0.00;0;0;0*
11:58:38.599 -> $68000;-0.00;-0.01;1.01;-0.00;-0.01;1.02;0.61;4.45;8.48;2.93;1.40;1.71;19.48;52.65;16.70;19.48;52.65;16.70;101530.97;21.63;0.02;0.00;0.00;0.00;0.0000000000;0.0000000000;0.0000000000;0;0;0;0.00;0;0;0*
11:58:38.692 -> $68100;-0.00;-0.01;1.01;-0.00;-0.01;1.02;-1.16;0.12;-3.29;1.77;0.37;-2.56;18.94;55.01;14.79;18.94;55.01;14.79;101536.49;21.63;-0.01;0.00;0.00;0.00;0.0000000000;0.0000000000;0.0000000000;0;0;0;0.00;0;0;0*
11:58:38.787 -> $68200;-0.00;-0.01;1.02;-0.00;-0.01;1.02;3.54;13.60;1.52;2.38;0.73;-2.01;19.66;54.65;17.22;19.66;54.65;17.22;101534.72;21.64;-0.00;0.00;0.00;0.00;0.0000000000;0.0000000000;0.0000000000;0;0;0;0.00;0;0;0*
11:58:38.880 -> $68300;-0.00;-0.01;1.02;-0.01;-0.01;1.01;-0.73;6.89;-0.43;2.38;16.46;-9.15;19.30;53.93;16.18;18.94;54.29;15.48;101532.76;21.64;0.01;0.00;0.00;0.00;0.0000000000;0.0000000000;0.0000000000;0;0;0;0.00;0;0;0*
11:58:38.975 -> $68400;-0.00;-0.01;1.02;-0.00;-0.01;1.01;0.24;-6.34;-1.16;-1.34;-9.02;-3.60;19.30;53.56;15.83;19.30;55.01;17.57;101532.44;21.64;0.01;0.00;0.00;0.00;0.0000000000;0.0000000000;0.0000000000;0;0;0;0.00;0;0;0*
11:58:39.071 -> $68500;-0.00;-0.01;1.02;-0.00;-0.01;1.02;-3.48;2.80;-3.29;-0.73;1.77;-8.60;17.86;53.93;14.79;17.86;53.93;14.79;101533.11;21.64;0.01;0.00;0.00;0.00;0.0000000000;0.0000000000;0.0000000000;0;0;0;0.00;0;0;0*
11:58:39.163 -> $68600;-0.00;-0.01;1.02;0.00;-0.01;1.01;-2.87;0.12;-0.61;-0.37;15.24;-4.33;19.12;54.47;16.35;19.12;54.47;16.35;101531.70;21.64;0.02;0.00;0.00;0.00;0.0000000000;0.0000000000;0.0000000000;0;0;0;0.00;0;0;0*
11:58:39.258 -> $68700;-0.00;-0.01;1.02;-0.01;-0.01;1.02;-3.84;2.80;-1.46;-0.18;1.34;1.16;19.48;53.38;16.00;19.48;53.38;16.00;101533.28;21.63;0.01;0.00;0.00;0.00;0.0000000000;0.0000000000;0.0000000000;0;0;0;0.00;0;0;0*
11:58:39.398 -> $68800;-0.00;-0.01;1.01;-0.00;-0.01;1.01;-0.18;1.16;4.39;0.61;2.80;-3.78;18.58;54.65;14.79;18.58;54.65;14.79;101535.46;21.64;-0.01;0.00;0.00;0.00;0.0000000000;0.0000000000;0.0000000000;0;0;0;0.00;0;0;0*
11:58:39.491 -> $68900;-0.00;-0.01;1.01;-0.00;-0.01;1.01;-0.55;-3.29;9.76;-4.45;11.16;2.99;19.30;52.84;15.13;19.30;52.84;15.13;101535.42;21.63;-0.01;0.00;0.00;0.00;0.0000000000;0.0000000000;0.0000000000;0;0;0;0.00;0;0;0*
11:58:39.584 -> $69000;-0.00;-0.01;1.01;-0.00;-0.01;1.02;-1.16;5.85;-2.56;-4.63;14.02;-6.46;18.94;55.38;14.79;20.38;54.29;16.18;101534.92;21.64;-0.00;0.00;0.00;0.00;0.0000000000;0.0000000000;0.0000000000;0;0;0;0.00;0;0;0*
11:58:39.679 -> $69100;-0.01;-0.01;1.01;-0.00;-0.01;1.02;-3.29;10.79;3.17;-0.55;-4.33;7.44;20.57;55.56;15.66;17.86;54.65;16.18;101533.11;21.64;0.01;0.00;0.00;0.00;0.0000000000;0.0000000000;0.0000000000;0;0;0;0.00;0;0;0*
11:58:39.774 -> $69200;-0.00;-0.01;1.02;-0.01;-0.01;1.02;-3.48;4.82;4.02;-2.68;13.84;-12.20;18.22;53.56;15.83;18.76;53.38;18.09;101531.77;21.64;0.02;0.00;0.00;0.00;0.0000000000;0.0000000000;0.0000000000;0;0;0;0.00;0;0;0*
11:58:39.869 -> $69300;-0.00;-0.01;1.02;-0.00;-0.01;1.01;4.70;7.68;2.62;3.35;-4.51;3.48;19.30;54.65;15.83;19.30;54.65;15.83;101529.42;21.64;0.03;0.00;0.00;0.00;0.0000000000;0.0000000000;0.0000000000;0;0;0;0.00;0;0;0*
11:58:39.963 -> $69400;-0.01;-0.01;1.02;-0.00;-0.01;1.02;0.43;0.37;4.57;-0.73;0.73;8.66;20.20;54.83;16.35;20.20;54.83;16.35;101531.20;21.64;0.02;0.00;0.00;0.00;0.0000000000;0.0000000000;0.0000000000;0;0;0;0.00;0;0;0*
11:58:40.104 -> $69500;-0.00;-0.01;1.02;-0.00;-0.01;1.02;0.43;-3.72;0.12;-1.52;-3.90;-7.20;18.76;53.38;14.26;18.76;53.38;14.26;101530.52;21.64;0.02;0.00;0.00;0.00;0.0000000000;0.0000000000;0.0000000000;0;0;0;0.00;0;0;0*
11:58:40.198 -> $69600;-0.01;-0.01;1.01;-0.00;-0.01;1.01;0.79;7.32;6.89;-1.34;1.34;0.12;18.58;54.29;16.53;18.58;54.29;16.53;101528.92;21.64;0.03;0.00;0.00;0.00;0.0000000000;0.0000000000;0.0000000000;0;0;0;0.00;0;0;0*
11:58:40.291 -> $69700;-0.01;-0.02;1.02;-0.00;-0.01;1.02;1.40;0.73;-1.46;1.40;-2.13;7.99;18.76;53.74;14.96;18.76;53.74;14.96;101535.67;21.64;-0.01;0.00;0.00;0.00;0.0000000000;0.0000000000;0.0000000000;0;0;0;0.00;0;0;0*
11:58:40.386 -> $69800;-0.00;-0.01;1.01;-0.00;-0.01;1.02;2.56;2.74;-9.15;2.13;12.80;-2.56;20.02;53.20;14.79;19.48;54.47;16.35;101535.25;21.64;-0.01;0.00;0.00;0.00;0.0000000000;0.0000000000;0.0000000000;0;0;0;0.00;0;0;0*
11:58:40.480 -> $69900;-0.00;-0.02;1.02;-0.00;-0.01;1.02;2.13;3.41;-4.51;2.13;-4.94;-2.20;18.40;54.47;16.35;19.12;53.02;15.66;101532.05;21.64;0.01;0.00;0.00;0.00;0.0000000000;0.0000000000;0.0000000000;0;0;0;0.00;0;0;0*
11:58:40.575 -> $70000;-0.00;-0.02;1.02;-0.01;-0.01;1.02;-1.16;-3.54;13.11;3.35;2.80;-3.96;20.20;55.20;16.35;20.20;55.20;16.35;101530.31;21.64;0.02;0.00;0.00;0.00;0.0000000000;0.0000000000;0.0000000000;0;0;0;0.00;0;0;0*
11:58:40.668 -> $70100;-0.01;-0.01;1.01;-0.00;-0.01;1.01;2.56;-0.85;0.12;0.79;-6.16;4.21;20.20;54.47;16.35;20.20;54.47;16.35;101536.42;21.65;-0.01;0.00;0.00;0.00;0.0000000000;0.0000000000;0.0000000000;0;0;0;0.00;0;0;0*
11:58:40.762 -> $70200;-0.00;-0.01;1.02;-0.00;-0.02;1.02;0.61;12.80;-4.15;0.98;-0.43;-5.24;20.02;53.20;16.18;20.02;53.20;16.18;101530.16;21.64;0.03;0.00;0.00;0.00;0.0000000000;0.0000000000;0.0000000000;0;0;0;0.00;0;0;0*
11:58:40.902 -> $70300;-0.00;-0.01;1.02;-0.00;-0.01;1.01;-2.32;9.33;-2.93;1.40;-6.16;-1.16;19.84;53.38;16.00;19.84;53.38;16.00;101535.00;21.65;-0.00;0.00;0.00;0.00;0.0000000000;0.0000000000;0.0000000000;0;0;0;0.00;0;0;0*
11:58:40.994 -> $70400;-0.00;-0.01;1.02;-0.00;-0.01;1.02;-1.89;1.59;0.67;-3.66;3.60;-1.28;18.58;52.47;16.53;18.58;52.47;16.53;101536.78;21.65;-0.02;0.00;0.00;0.00;0.0000000000;0.0000000000;0.0000000000;0;0;0;0.00;0;0;0*
11:58:41.087 -> $70500;-0.00;-0.01;1.01;-0.00;-0.01;1.02;2.74;-5.73;4.39;-0.98;1.59;4.57;20.38;54.29;15.83;18.58;54.29;15.13;101534.28;21.65;0.00;0.00;0.00;0.00;0.0000000000;0.0000000000;0.0000000000;0;0;0;0.00;0;0;0*
11:58:41.181 -> $70600;-0.00;-0.01;1.02;0.00;-0.01;1.01;1.95;0.55;5.30;-1.89;5.49;2.80;19.12;53.02;16.00;19.30;53.56;15.48;101531.44;21.65;0.02;0.00;0.00;0.00;0.0000000000;0.0000000000;0.0000000000;0;0;0;0.00;0;0;0*
11:58:41.274 -> $70700;-0.00;-0.01;1.01;-0.00;-0.01;1.01;-0.73;-4.94;2.26;-1.52;-1.04;0.30;20.20;55.20;16.35;20.20;55.20;16.35;101527.71;21.65;0.04;0.00;0.00;0.00;0.0000000000;0.0000000000;0.0000000000;0;0;0;0.00;0;0;0*
11:58:41.370 -> $70800;-0.00;-0.01;1.01;-0.00;-0.01;1.02;-1.71;11.77;2.99;6.65;-0.43;-9.51;19.12;53.38;15.66;19.12;53.38;15.66;101533.29;21.65;0.01;0.00;0.00;0.00;0.0000000000;0.0000000000;0.0000000000;0;0;0;0.00;0;0;0*
